0 0.043532 0.410569 0.059701 0.190244
0 0.097637 0.486992 0.078358 0.248780
0 0.112562 0.467480 0.080846 0.258537
0 0.197761 0.572358 0.171642 0.549593
0 0.338930 0.542276 0.138060 0.443902
0 0.453358 0.602439 0.175373 0.557724
0 0.527363 0.534959 0.139303 0.448780
0 0.570896 0.485366 0.111940 0.359350
0 0.693408 0.617886 0.172886 0.556098
0 0.771766 0.517073 0.140547 0.448780
0 0.879353 0.563415 0.129353 0.411382
0 0.829602 0.386179 0.037313 0.121951
0 0.601368 0.467480 0.090796 0.291057
0 0.646766 0.415447 0.054726 0.177236
0 0.019900 0.408943 0.039801 0.167480
0 0.861318 0.335772 0.038557 0.060163
0 0.944652 0.355285 0.031095 0.079675
0 0.718905 0.373984 0.039801 0.071545