0 0.041935 0.541509 0.036559 0.162264
0 0.072043 0.518868 0.036559 0.154717
0 0.092473 0.575472 0.038710 0.169811
0 0.097849 0.556604 0.036559 0.162264
0 0.139785 0.537736 0.025806 0.124528
0 0.159140 0.575472 0.038710 0.177358
0 0.191398 0.503774 0.012903 0.056604
0 0.381720 0.620755 0.040860 0.184906
0 0.438710 0.601887 0.043011 0.192453
0 0.467742 0.618868 0.023656 0.105660
0 0.497849 0.596226 0.036559 0.166038
0 0.337634 0.483019 0.017204 0.075472
0 0.462366 0.490566 0.012903 0.067925
0 0.520430 0.496226 0.017204 0.079245
0 0.540860 0.492453 0.019355 0.079245
0 0.569892 0.503774 0.012903 0.064151
0 0.665591 0.549057 0.023656 0.101887
0 0.591398 0.522642 0.025806 0.064151
0 0.984946 0.535849 0.025806 0.060377