0 0.102500 0.463636 0.170000 0.600000
0 0.245000 0.401818 0.090000 0.330909
0 0.333750 0.380000 0.087500 0.323636
0 0.385000 0.390909 0.090000 0.316364
0 0.430000 0.380000 0.090000 0.316364
0 0.492500 0.385455 0.085000 0.312727
0 0.828750 0.458182 0.127500 0.458182
0 0.681250 0.521818 0.262500 0.934545
0 0.876250 0.360000 0.052500 0.196364
0 0.898750 0.367273 0.057500 0.210909
0 0.925000 0.376364 0.055000 0.192727
0 0.958750 0.378182 0.047500 0.181818
0 0.980000 0.374545 0.040000 0.181818
0 0.592500 0.378182 0.070000 0.247273
0 0.548750 0.369091 0.077500 0.272727