0 0.095833 0.614662 0.026667 0.101504
0 0.336667 0.756892 0.056667 0.210526
0 0.896250 0.691729 0.042500 0.157895
0 0.957917 0.662281 0.040833 0.151629
0 0.828333 0.723058 0.051667 0.192982
0 0.687500 0.679198 0.041667 0.155388
0 0.767500 0.658521 0.036667 0.134085
0 0.834167 0.637845 0.033333 0.122807
0 0.885000 0.619048 0.031667 0.117794
0 0.924583 0.602130 0.025833 0.093985
0 0.786250 0.603383 0.025833 0.098997
0 0.730000 0.632832 0.030000 0.112782
0 0.705417 0.599624 0.022500 0.086466
0 0.663333 0.637218 0.033333 0.124060
0 0.580417 0.664787 0.035833 0.134085
0 0.644167 0.612155 0.028333 0.106516
0 0.583333 0.625940 0.030000 0.114035
0 0.499167 0.651629 0.031667 0.115288
0 0.508333 0.617168 0.028333 0.106516
0 0.465000 0.583960 0.023333 0.085213
0 0.483333 0.570802 0.018333 0.071429
0 0.444167 0.602130 0.025000 0.093985
0 0.437083 0.629699 0.027500 0.104010
0 0.401250 0.595865 0.022500 0.083960
0 0.375000 0.617794 0.028333 0.102757
0 0.329583 0.608396 0.025833 0.096491
0 0.293333 0.596491 0.023333 0.090226
0 0.270417 0.589599 0.022500 0.083960
0 0.233333 0.589599 0.018333 0.066416
0 0.250833 0.565789 0.015000 0.058897
0 0.935000 0.508145 0.011667 0.046366
0 0.955000 0.509398 0.015000 0.053885
0 0.978333 0.507519 0.016667 0.065163