0 0.686667 0.128429 0.016667 0.062344
0 0.293333 0.672070 0.096667 0.361596
0 0.215000 0.587282 0.033333 0.122195
0 0.220000 0.501247 0.020000 0.079800
0 0.098333 0.633416 0.073333 0.269327
0 0.366667 0.674564 0.100000 0.366584
0 0.437500 0.668329 0.101667 0.379052
0 0.518333 0.678304 0.096667 0.359102
0 0.611667 0.665835 0.106667 0.389027
0 0.713333 0.664589 0.090000 0.326683
0 0.767500 0.506234 0.021667 0.084788
0 0.331667 0.664589 0.083333 0.306733
0 0.633333 0.667082 0.090000 0.331671
0 0.633333 0.657107 0.083333 0.301746
0 0.450000 0.649626 0.093333 0.341646
0 0.527500 0.654613 0.088333 0.326683
0 0.695833 0.658354 0.078333 0.294264
0 0.795000 0.576060 0.016667 0.069825
0 0.963333 0.643392 0.073333 0.284289
0 0.975000 0.660848 0.050000 0.294264
0 0.918333 0.643392 0.063333 0.239401
0 0.906667 0.642145 0.063333 0.236908
0 0.890000 0.639651 0.060000 0.226933
0 0.878333 0.638404 0.060000 0.219451
0 0.860000 0.633416 0.056667 0.209476
0 0.021667 0.635910 0.043333 0.294264
0 0.031667 0.628429 0.063333 0.259352
0 0.049167 0.628429 0.068333 0.254364
0 0.065000 0.623441 0.066667 0.244389
0 0.115000 0.615960 0.053333 0.199501
0 0.155000 0.614713 0.043333 0.162095
0 0.658333 0.521197 0.020000 0.049875
0 0.308333 0.518703 0.023333 0.049875
0 0.350833 0.482544 0.018333 0.037406
0 0.374167 0.490025 0.018333 0.027431
0 0.394167 0.492519 0.015000 0.022444
0 0.410000 0.480050 0.016667 0.042394
0 0.425833 0.482544 0.015000 0.042394
0 0.465000 0.476309 0.010000 0.019950
0 0.486667 0.492519 0.010000 0.027431
0 0.496667 0.490025 0.010000 0.027431
0 0.520000 0.490025 0.013333 0.027431
0 0.540000 0.492519 0.013333 0.027431
0 0.550833 0.492519 0.008333 0.027431
0 0.561667 0.492519 0.013333 0.027431
0 0.584167 0.493766 0.011667 0.024938
0 0.674167 0.532419 0.021667 0.032419
0 0.083333 0.523691 0.020000 0.049875
0 0.127500 0.517456 0.015000 0.032419