0 0.045632 0.727887 0.038222 0.148649
0 0.121685 0.807125 0.040562 0.154791
0 0.086583 0.567568 0.032761 0.127764
0 0.158736 0.635135 0.035101 0.137592
0 0.179017 0.499386 0.028861 0.114251
0 0.226989 0.569410 0.031201 0.121622
0 0.205928 0.722359 0.037441 0.147420
0 0.259750 0.805897 0.035881 0.142506
0 0.278081 0.640049 0.036661 0.144963
0 0.294852 0.496314 0.032761 0.125307
0 0.346334 0.573710 0.031201 0.122850
0 0.345164 0.724201 0.038222 0.151106
0 0.432917 0.811425 0.042122 0.160934
0 0.430577 0.637592 0.035881 0.137592
0 0.416147 0.496929 0.030421 0.119165
0 0.501170 0.574324 0.030421 0.119165
0 0.523401 0.730958 0.035881 0.140049
0 0.580343 0.634521 0.034321 0.131450
0 0.554602 0.496314 0.031201 0.120393
0 0.637676 0.579238 0.030421 0.119165
0 0.677847 0.497543 0.031201 0.122850
0 0.656006 0.807740 0.040562 0.156020
0 0.686037 0.719287 0.035101 0.138821
0 0.725429 0.640663 0.032761 0.126536
0 0.765601 0.576167 0.030421 0.120393
0 0.779251 0.503686 0.029641 0.113022
0 0.801092 0.800983 0.039002 0.152334
0 0.834243 0.719902 0.036661 0.140049
0 0.851794 0.637592 0.032761 0.127764
0 0.948908 0.807125 0.041342 0.159705
0 0.835023 0.275184 0.017941 0.068796
0 0.845554 0.292383 0.021841 0.083538
0 0.878315 0.343366 0.021841 0.084767
0 0.006630 0.303440 0.013261 0.076167
0 0.024181 0.305283 0.020281 0.082310
0 0.050702 0.305897 0.020281 0.078624
0 0.081903 0.291769 0.021841 0.084767
0 0.065913 0.288698 0.021061 0.083538
0 0.071373 0.269042 0.022621 0.085995
0 0.050312 0.266585 0.021061 0.081081
0 0.120125 0.034398 0.021841 0.063882
0 0.815523 0.038698 0.019501 0.077396
0 0.836583 0.041769 0.014821 0.081081
0 0.854914 0.041769 0.009360 0.083538
0 0.914587 0.022727 0.027301 0.042998
0 0.941888 0.022113 0.025741 0.044226
0 0.933697 0.077396 0.026521 0.051597
0 0.940718 0.120393 0.015601 0.061425
0 0.959828 0.121007 0.021061 0.062654
0 0.976989 0.128378 0.014821 0.065111
0 0.979329 0.082310 0.022621 0.058968
0 0.994930 0.082924 0.010140 0.057740
0 0.994540 0.156634 0.010920 0.077396
0 0.984399 0.218673 0.021841 0.073710
0 0.968409 0.191032 0.022621 0.060197
0 0.942278 0.192875 0.032761 0.073710