0 0.317073 0.860806 0.068293 0.263736
0 0.351220 0.846154 0.073171 0.271062
0 0.382927 0.789377 0.068293 0.260073
0 0.282927 0.939560 0.029268 0.106227
0 0.259756 0.677656 0.060976 0.219780
0 0.146341 0.186813 0.024390 0.102564
0 0.420732 0.840659 0.065854 0.245421
0 0.489024 0.846154 0.075610 0.285714
0 0.550000 0.857143 0.060976 0.234432
0 0.631707 0.869963 0.058537 0.223443
0 0.676829 0.902930 0.046341 0.179487
0 0.757317 0.820513 0.041463 0.161172
0 0.707317 0.771062 0.063415 0.245421
0 0.632927 0.778388 0.065854 0.252747
0 0.724390 0.652015 0.058537 0.227106
0 0.792683 0.598901 0.024390 0.091575
0 0.897561 0.655678 0.039024 0.146520
0 0.957317 0.734432 0.056098 0.208791
0 0.923171 0.891941 0.051220 0.201465
0 0.846341 0.888278 0.034146 0.128205
0 0.832927 0.500000 0.046341 0.179487
0 0.728049 0.386447 0.036585 0.142857
0 0.610976 0.369963 0.036585 0.139194
0 0.543902 0.527473 0.048780 0.183150
0 0.643902 0.435897 0.034146 0.139194
0 0.630488 0.467033 0.036585 0.142857
0 0.306098 0.582418 0.036585 0.131868
0 0.340244 0.543956 0.036585 0.142857
0 0.436585 0.527473 0.048780 0.175824
0 0.925610 0.710623 0.031707 0.124542
0 0.935366 0.587912 0.031707 0.120879
0 0.201220 0.553114 0.041463 0.161172
0 0.482927 0.498168 0.034146 0.124542
0 0.584146 0.327839 0.021951 0.091575
0 0.500000 0.340659 0.024390 0.095238
0 0.119512 0.421245 0.039024 0.043956
0 0.108537 0.498168 0.046341 0.102564
0 0.085366 0.701465 0.043902 0.069597
0 0.043902 0.754579 0.087805 0.073260
0 0.067073 0.882784 0.060976 0.175824