0 0.026667 0.616541 0.053333 0.235589
0 0.122500 0.596491 0.051667 0.190476
0 0.071667 0.562657 0.036667 0.132832
0 0.046667 0.551378 0.026667 0.105263
0 0.142500 0.558897 0.035000 0.130326
0 0.244167 0.697995 0.111667 0.418546
0 0.335833 0.667920 0.078333 0.288221
0 0.385000 0.629073 0.066667 0.250627
0 0.439167 0.602757 0.055000 0.203008
0 0.818333 0.723058 0.120000 0.443609
0 0.768333 0.667920 0.086667 0.323308
0 0.738333 0.640351 0.066667 0.248120
0 0.704167 0.597744 0.055000 0.208020
0 0.685833 0.585213 0.045000 0.172932
0 0.893333 0.580201 0.040000 0.152882
0 0.843333 0.565163 0.033333 0.122807
0 0.960833 0.586466 0.048333 0.175439
0 0.466667 0.571429 0.040000 0.155388
0 0.489167 0.567669 0.035000 0.127820
0 0.498333 0.563910 0.030000 0.115288
0 0.190833 0.552632 0.028333 0.107769
0 0.255833 0.570175 0.041667 0.152882
0 0.656667 0.557644 0.036667 0.132832
0 0.977500 0.565163 0.031667 0.122807