0 0.340667 0.679762 0.116000 0.507143
0 0.474000 0.590476 0.100000 0.438095
0 0.260667 0.529762 0.073333 0.321429
0 0.290000 0.510714 0.065333 0.283333
0 0.394667 0.419048 0.026667 0.123810
0 0.409333 0.423810 0.026667 0.114286
0 0.416000 0.403571 0.029333 0.126190
0 0.572000 0.446429 0.032000 0.140476
0 0.648667 0.451190 0.038667 0.169048
0 0.592667 0.394048 0.022667 0.097619
0 0.046000 0.701190 0.092000 0.592857
0 0.174667 0.660714 0.149333 0.654762
0 0.877333 0.717857 0.120000 0.526190
0 0.863333 0.678571 0.142667 0.619048
0 0.241333 0.494048 0.066667 0.297619
0 0.717333 0.435714 0.021333 0.100000
0 0.072000 0.466667 0.066667 0.114286
0 0.097333 0.391667 0.042667 0.126190
0 0.788000 0.721429 0.066667 0.280952
0 0.347333 0.380952 0.033333 0.100000