0 0.287952 0.229242 0.074699 0.277978
0 0.496386 0.346570 0.091566 0.346570
0 0.593976 0.467509 0.108434 0.407942
0 0.456627 0.128159 0.021687 0.083032
0 0.484337 0.135379 0.014458 0.054152
0 0.539759 0.131769 0.019277 0.075812
0 0.596386 0.126354 0.016867 0.072202
0 0.638554 0.131769 0.019277 0.075812
0 0.869880 0.404332 0.115663 0.425993
0 0.677108 0.184116 0.038554 0.144404
0 0.697590 0.187726 0.036145 0.137184
0 0.736145 0.180505 0.040964 0.151625
0 0.757831 0.180505 0.040964 0.158845
0 0.780723 0.189531 0.043373 0.155235
0 0.813253 0.129964 0.016867 0.064982
0 0.833735 0.133574 0.014458 0.057762
0 0.890361 0.128159 0.021687 0.075812
0 0.914458 0.140794 0.012048 0.057762
0 0.945783 0.142599 0.012048 0.054152
0 0.965060 0.142599 0.012048 0.046931
0 0.866265 0.138989 0.016867 0.061372
0 0.814458 0.263538 0.062651 0.231047
0 0.375904 0.131769 0.019277 0.068592