0 0.716667 0.545000 0.063333 0.240000
0 0.485833 0.538750 0.071667 0.262500
0 0.230000 0.475000 0.063333 0.230000
0 0.270833 0.307500 0.025000 0.100000
0 0.055833 0.335000 0.035000 0.130000
0 0.016667 0.266250 0.026667 0.102500
0 0.057500 0.257500 0.018333 0.075000
0 0.098333 0.262500 0.023333 0.085000
0 0.110833 0.273750 0.021667 0.077500
0 0.138333 0.265000 0.020000 0.075000
0 0.158333 0.271250 0.020000 0.077500
0 0.178333 0.268750 0.020000 0.072500
0 0.480000 0.306250 0.023333 0.092500
0 0.466667 0.288750 0.016667 0.067500
0 0.560000 0.306250 0.020000 0.082500
0 0.573333 0.300000 0.020000 0.080000
0 0.036667 0.271250 0.026667 0.057500
0 0.211667 0.288750 0.020000 0.037500
0 0.358333 0.318750 0.033333 0.067500
0 0.393333 0.322500 0.023333 0.065000
0 0.427500 0.343750 0.038333 0.077500
0 0.507500 0.367500 0.041667 0.075000
0 0.564167 0.387500 0.041667 0.090000
0 0.638333 0.416250 0.050000 0.092500
0 0.665000 0.376250 0.023333 0.082500
0 0.739167 0.431250 0.035000 0.107500
0 0.839167 0.477500 0.051667 0.120000
0 0.980833 0.527500 0.035000 0.135000