0 0.086667 0.740000 0.133333 0.490000
0 0.226667 0.698750 0.110000 0.402500
0 0.331667 0.726250 0.110000 0.402500
0 0.381667 0.756250 0.126667 0.462500
0 0.437500 0.742500 0.128333 0.475000
0 0.534167 0.746250 0.135000 0.492500
0 0.599167 0.751250 0.128333 0.477500
0 0.633333 0.733750 0.130000 0.482500
0 0.737500 0.737500 0.138333 0.510000
0 0.849167 0.753750 0.131667 0.482500
0 0.946667 0.758750 0.106667 0.467500
0 0.487500 0.561250 0.058333 0.097500
0 0.665000 0.541250 0.030000 0.062500
0 0.703333 0.517500 0.030000 0.110000
0 0.827500 0.556250 0.031667 0.072500
0 0.884167 0.567500 0.025000 0.065000
0 0.929167 0.558750 0.021667 0.077500
0 0.909167 0.568750 0.015000 0.052500
0 0.984167 0.566250 0.028333 0.107500