0 0.036111 0.666667 0.072222 0.240741
0 0.137500 0.680556 0.061111 0.198148
0 0.098611 0.523148 0.016667 0.057407
0 0.115972 0.524074 0.020833 0.070370
0 0.023611 0.550000 0.016667 0.055556
0 0.072222 0.528704 0.016667 0.057407
0 0.264583 0.700000 0.062500 0.203704
0 0.213889 0.699074 0.050000 0.168519
0 0.214583 0.669444 0.051389 0.172222
0 0.359028 0.712963 0.059722 0.200000
0 0.370139 0.706481 0.051389 0.172222
0 0.422222 0.650926 0.030556 0.105556
0 0.452778 0.649074 0.041667 0.135185
0 0.496528 0.731481 0.079167 0.259259
0 0.530556 0.714815 0.052778 0.170370
0 0.563194 0.754630 0.062500 0.209259
0 0.625000 0.792593 0.108333 0.355556
0 0.720833 0.737963 0.083333 0.272222
0 0.655556 0.608333 0.016667 0.057407
0 0.644444 0.732407 0.091667 0.298148
0 0.785417 0.760185 0.081944 0.272222
0 0.847917 0.778704 0.059722 0.198148
0 0.858333 0.671296 0.019444 0.068519
0 0.961806 0.756481 0.076389 0.290741
0 0.677083 0.528704 0.015278 0.053704
0 0.692361 0.514815 0.015278 0.048148
0 0.678472 0.483333 0.006944 0.025926
0 0.664583 0.486111 0.012500 0.046296
0 0.727083 0.563889 0.018056 0.061111
0 0.703472 0.570370 0.015278 0.055556
0 0.697917 0.592593 0.015278 0.051852
0 0.783333 0.475000 0.008333 0.031481
0 0.527083 0.575926 0.023611 0.081481
0 0.181250 0.590741 0.018056 0.062963
0 0.237500 0.386111 0.011111 0.035185
0 0.211806 0.386111 0.009722 0.035185
0 0.199306 0.371296 0.006944 0.027778
0 0.027083 0.507407 0.018056 0.025926
0 0.304167 0.596296 0.047222 0.088889
0 0.361111 0.570370 0.025000 0.074074
0 0.175694 0.650000 0.043056 0.103704
0 0.213194 0.563889 0.020833 0.035185
0 0.102778 0.612963 0.052778 0.092593
0 0.039583 0.693519 0.076389 0.131481