0 0.243164 0.276532 0.005859 0.020927
0 0.336914 0.273543 0.005859 0.023916
0 0.362793 0.341555 0.006836 0.028401
0 0.368164 0.344544 0.011719 0.043348
0 0.394531 0.346039 0.005859 0.022422
0 0.969238 0.635277 0.061523 0.406577
0 0.972168 0.485052 0.055664 0.255605
0 0.957520 0.508969 0.084961 0.324365
0 0.903809 0.571001 0.120117 0.451420
0 0.765137 0.594918 0.135742 0.511211
0 0.633301 0.582960 0.096680 0.364723
0 0.564453 0.505979 0.062500 0.237668
0 0.832520 0.526158 0.084961 0.322870
0 0.851074 0.453662 0.049805 0.186846
0 0.696289 0.500000 0.068359 0.255605
0 0.654785 0.431241 0.028320 0.109118
0 0.521484 0.543348 0.076172 0.285501
0 0.486816 0.547085 0.092773 0.346786
0 0.448730 0.611360 0.120117 0.448430
0 0.347168 0.650224 0.135742 0.508221
0 0.242188 0.618834 0.125000 0.466368
0 0.216797 0.533632 0.068359 0.260090
0 0.187500 0.491779 0.039062 0.149477
0 0.384277 0.528401 0.077148 0.288490
0 0.416992 0.511958 0.064453 0.243647
0 0.249512 0.440957 0.008789 0.035874
0 0.154297 0.559043 0.076172 0.284006
0 0.356934 0.591181 0.104492 0.390135
0 0.152832 0.432735 0.016602 0.040359
0 0.167969 0.431988 0.015625 0.044843
0 0.201172 0.426009 0.009766 0.029895
0 0.384277 0.413303 0.020508 0.037369
0 0.520508 0.403587 0.013672 0.044843
0 0.599121 0.408819 0.012695 0.043348
0 0.778320 0.396861 0.021484 0.040359