0 0.099275 0.652079 0.068116 0.253829
0 0.158696 0.620350 0.059420 0.225383
0 0.748551 0.770241 0.091304 0.341357
0 0.678986 0.623632 0.053623 0.205689
0 0.628986 0.615974 0.057971 0.216630
0 0.718841 0.626915 0.060870 0.229759
0 0.508696 0.684902 0.084058 0.310722
0 0.575362 0.559081 0.034783 0.129103
0 0.477536 0.603939 0.053623 0.196937
0 0.444203 0.599562 0.044928 0.170678
0 0.402899 0.636761 0.066667 0.245077
0 0.365942 0.565646 0.042029 0.159737
0 0.311594 0.658643 0.069565 0.262582
0 0.290580 0.631291 0.065217 0.238512
0 0.269565 0.612691 0.055072 0.205689
0 0.218116 0.610503 0.050725 0.192560
0 0.193478 0.600656 0.047826 0.181619
0 0.056522 0.605033 0.049275 0.181619
0 0.013768 0.595186 0.027536 0.188184
0 0.982609 0.614880 0.034783 0.188184