0 0.126667 0.684000 0.037333 0.140000
0 0.204000 0.707000 0.037333 0.142000
0 0.226000 0.644000 0.038667 0.140000
0 0.277333 0.732000 0.040000 0.152000
0 0.312667 0.674000 0.038667 0.144000
0 0.362667 0.759000 0.040000 0.150000
0 0.414000 0.701000 0.038667 0.146000
0 0.502000 0.789000 0.044000 0.162000
0 0.506667 0.715000 0.042667 0.162000
0 0.642667 0.764000 0.040000 0.152000
0 0.627333 0.694000 0.044000 0.160000
0 0.709333 0.668000 0.040000 0.152000
0 0.792667 0.639000 0.036000 0.130000
0 0.720000 0.737000 0.037333 0.142000
0 0.786667 0.709000 0.034667 0.118000
0 0.850000 0.678000 0.030667 0.128000
0 0.138667 0.556000 0.024000 0.080000