0 0.090816 0.480000 0.100000 0.369231
0 0.200000 0.555385 0.142857 0.526154
0 0.257143 0.521538 0.093878 0.353846
0 0.444898 0.623077 0.155102 0.581538
0 0.714286 0.584615 0.130612 0.486154
0 0.600000 0.541538 0.114286 0.430769
0 0.502041 0.603077 0.138776 0.510769
0 0.404082 0.553846 0.110204 0.412308
0 0.361224 0.584615 0.077551 0.283077
0 0.307143 0.436923 0.046939 0.178462
0 0.033673 0.444615 0.046939 0.175385
0 0.777551 0.469231 0.053061 0.200000
0 0.818367 0.473846 0.057143 0.215385
0 0.853061 0.480000 0.057143 0.215385
0 0.897959 0.478462 0.069388 0.255385
0 0.941837 0.470769 0.059184 0.221538
0 0.974490 0.529231 0.051020 0.276923