0 0.055054 0.822157 0.070397 0.279883
0 0.033394 0.785714 0.048736 0.195335
0 0.185018 0.839650 0.074007 0.291545
0 0.146209 0.861516 0.061372 0.241983
0 0.242780 0.814869 0.052347 0.206997
0 0.329422 0.807580 0.045126 0.174927
0 0.362816 0.841108 0.064982 0.253644
0 0.399819 0.845481 0.066787 0.274052
0 0.450361 0.849854 0.066787 0.265306
0 0.490072 0.858601 0.070397 0.276968
0 0.572202 0.865889 0.057762 0.227405
0 0.628159 0.832362 0.075812 0.300292
0 0.700361 0.849854 0.064982 0.265306
0 0.736462 0.889213 0.050542 0.198251
0 0.765343 0.804665 0.050542 0.204082
0 0.800542 0.785714 0.048736 0.189504
0 0.815884 0.774052 0.039711 0.160350
0 0.900722 0.782799 0.039711 0.154519
0 0.936823 0.790087 0.036101 0.151603
0 0.513538 0.683673 0.037906 0.148688
0 0.674188 0.708455 0.041516 0.064140
0 0.965704 0.717201 0.043321 0.093294
0 0.593863 0.702624 0.043321 0.052478
0 0.484657 0.658892 0.037906 0.058309
0 0.536101 0.648688 0.025271 0.061224
0 0.962996 0.870262 0.055957 0.236152