0 0.090000 0.510300 0.142500 0.522472
0 0.122500 0.537453 0.140000 0.513109
0 0.182500 0.463483 0.122500 0.447566
0 0.299375 0.566479 0.148750 0.544944
0 0.478750 0.453184 0.110000 0.404494
0 0.440000 0.502809 0.077500 0.286517
0 0.554375 0.487828 0.063750 0.234082
0 0.043750 0.690075 0.087500 0.604869
0 0.028750 0.366105 0.027500 0.106742
0 0.236875 0.408240 0.053750 0.198502
0 0.925625 0.735955 0.138750 0.513109
0 0.964375 0.786517 0.071250 0.419476
0 0.850000 0.673221 0.152500 0.559925
0 0.613750 0.479401 0.080000 0.292135
0 0.627500 0.486891 0.082500 0.299625
0 0.642500 0.514981 0.085000 0.314607
0 0.676250 0.550562 0.100000 0.367041
0 0.700000 0.528090 0.090000 0.333333
0 0.748750 0.495318 0.092500 0.338951
0 0.830625 0.519663 0.076250 0.282772
0 0.831250 0.539326 0.080000 0.292135
0 0.820625 0.365169 0.046250 0.168539
0 0.883125 0.356742 0.051250 0.192884
0 0.792500 0.327715 0.035000 0.131086
0 0.690000 0.328652 0.017500 0.065543
0 0.979375 0.310861 0.031250 0.116105
0 0.916875 0.355805 0.041250 0.153558
0 0.842500 0.255618 0.007500 0.031835
0 0.281875 0.263109 0.031250 0.076779
0 0.038750 0.323970 0.017500 0.041199
0 0.943125 0.441948 0.056250 0.074906
0 0.947500 0.382959 0.035000 0.043071
0 0.976875 0.424157 0.023750 0.121723
0 0.993750 0.423221 0.010000 0.119850
0 0.771250 0.323034 0.015000 0.024345
0 0.584375 0.312734 0.016250 0.033708
0 0.598125 0.297753 0.016250 0.022472
0 0.866250 0.278090 0.015000 0.050562
0 0.441250 0.301498 0.012500 0.044944
0 0.453125 0.304307 0.011250 0.024345
0 0.418125 0.369850 0.031250 0.058052