0 0.010937 0.505869 0.021875 0.091549
0 0.068750 0.510563 0.025000 0.096244
0 0.143750 0.515258 0.021875 0.086854
0 0.218750 0.516432 0.021875 0.084507
0 0.285938 0.516432 0.021875 0.089202
0 0.326562 0.519953 0.025000 0.091549
0 0.371875 0.521127 0.021875 0.084507
0 0.393750 0.517606 0.021875 0.082160
0 0.414062 0.519953 0.018750 0.072770
0 0.427344 0.498826 0.017188 0.063380
0 0.460156 0.515258 0.026562 0.100939
0 0.436719 0.508216 0.020313 0.082160
0 0.443750 0.507042 0.021875 0.084507
0 0.480469 0.497653 0.017188 0.065728
0 0.530469 0.516432 0.020313 0.075117
0 0.555469 0.516432 0.023438 0.084507
0 0.603125 0.517606 0.021875 0.082160
0 0.657031 0.517606 0.023438 0.086854
0 0.700781 0.521127 0.023438 0.084507
0 0.771875 0.521127 0.021875 0.084507
0 0.807031 0.523474 0.023438 0.089202
0 0.847656 0.523474 0.023438 0.093897
0 0.893750 0.524648 0.025000 0.091549
0 0.938281 0.525822 0.023438 0.089202
0 0.986719 0.526995 0.026562 0.096244
0 0.918750 0.738263 0.071875 0.269953
0 0.839844 0.706573 0.067187 0.244131
0 0.817187 0.677230 0.062500 0.232394
0 0.922656 0.504695 0.017188 0.061033
0 0.427344 0.604460 0.039062 0.143192
0 0.116406 0.727700 0.073438 0.267606
0 0.149219 0.696009 0.067187 0.251174
0 0.164844 0.665493 0.060937 0.223005
0 0.121875 0.483568 0.015625 0.061033
0 0.110937 0.484742 0.018750 0.068075
0 0.257812 0.489437 0.015625 0.063380
0 0.333594 0.485915 0.017188 0.065728
0 0.581250 0.498826 0.015625 0.063380
0 0.598437 0.481221 0.012500 0.051643
0 0.745313 0.504695 0.015625 0.065728
0 0.757812 0.495305 0.018750 0.070423
0 0.688281 0.497653 0.014063 0.056338
0 0.839063 0.504695 0.015625 0.061033
0 0.806250 0.501174 0.018750 0.068075
0 0.969531 0.505869 0.017188 0.068075
0 0.886719 0.505869 0.014063 0.058685
0 0.728906 0.497653 0.017188 0.065728
0 0.553906 0.483568 0.014063 0.051643
0 0.075781 0.477700 0.017188 0.058685
0 0.878906 0.503521 0.007812 0.058685