0 0.864729 0.586115 0.040080 0.133511
0 0.399299 0.530708 0.053106 0.172230
0 0.427856 0.514019 0.024048 0.082777
0 0.449900 0.522697 0.026052 0.084112
0 0.462926 0.504673 0.028056 0.093458
0 0.442886 0.473965 0.022044 0.074766
0 0.530561 0.539386 0.023046 0.077437
0 0.109218 0.660214 0.216433 0.650200
0 0.116232 0.656208 0.138277 0.495327
0 0.208417 0.660214 0.142285 0.417891
0 0.324148 0.629506 0.085170 0.244326
0 0.577655 0.597463 0.021042 0.041389
0 0.606212 0.596128 0.030060 0.057410
0 0.640782 0.598798 0.029058 0.046729
0 0.675852 0.596796 0.033066 0.050734
0 0.543587 0.587450 0.021042 0.048064
0 0.312625 0.455941 0.052104 0.081442
0 0.366733 0.483979 0.030060 0.076101
0 0.520541 0.586782 0.025050 0.044059
0 0.715431 0.582109 0.020040 0.045394
0 0.692886 0.576769 0.019038 0.037383
0 0.731463 0.577437 0.022044 0.038718
0 0.757014 0.574099 0.025050 0.042724
0 0.789078 0.600801 0.031062 0.050734
0 0.834168 0.592123 0.029058 0.046729