0 0.299000 0.713855 0.094000 0.343373
0 0.203000 0.677711 0.074000 0.283133
0 0.147000 0.677711 0.074000 0.277108
0 0.126000 0.646084 0.068000 0.256024
0 0.075000 0.625000 0.066000 0.243976
0 0.058000 0.614458 0.056000 0.216867
0 0.022000 0.584337 0.040000 0.156627
0 0.418000 0.638554 0.076000 0.283133
0 0.465000 0.647590 0.066000 0.253012
0 0.537000 0.650602 0.070000 0.259036
0 0.570000 0.626506 0.076000 0.277108
0 0.662000 0.615964 0.064000 0.243976
0 0.719000 0.709337 0.074000 0.280120
0 0.808000 0.647590 0.080000 0.295181
0 0.839000 0.640060 0.070000 0.256024
0 0.865000 0.614458 0.070000 0.259036
0 0.893000 0.599398 0.066000 0.246988
0 0.962000 0.572289 0.036000 0.132530
0 0.923000 0.594880 0.054000 0.207831
0 0.977000 0.552711 0.038000 0.141566
0 0.301000 0.554217 0.070000 0.150602
0 0.497000 0.545181 0.054000 0.156627