0 0.275000 0.665698 0.040625 0.191860
0 0.251563 0.598837 0.034375 0.156977
0 0.377344 0.658430 0.032813 0.159884
0 0.414062 0.664244 0.034375 0.165698
0 0.441406 0.655523 0.039062 0.177326
0 0.485156 0.665698 0.039062 0.174419
0 0.591406 0.723837 0.039062 0.186047
0 0.549219 0.706395 0.042188 0.197674
0 0.710938 0.745640 0.046875 0.212209
0 0.736719 0.715116 0.042188 0.197674
0 0.817969 0.777616 0.048438 0.223837
0 0.880469 0.821221 0.054688 0.252907
0 0.923438 0.850291 0.046875 0.212209
0 0.635938 0.722384 0.034375 0.165698
0 0.617188 0.662791 0.031250 0.151163
0 0.342969 0.627907 0.029687 0.145349
0 0.139844 0.542151 0.026562 0.130814
0 0.178125 0.550872 0.028125 0.136628
0 0.760938 0.616279 0.025000 0.122093
0 0.957812 0.899709 0.037500 0.177326
0 0.077344 0.520349 0.023438 0.116279
0 0.051562 0.529070 0.031250 0.139535
0 0.899219 0.806686 0.048438 0.223837
0 0.090625 0.550872 0.021875 0.078488