0 0.127833 0.529750 0.049000 0.179500
0 0.205750 0.517375 0.041167 0.150750
0 0.255000 0.530750 0.050333 0.184500
0 0.268333 0.508250 0.035333 0.130000
0 0.305833 0.498875 0.033667 0.123750
0 0.321000 0.517750 0.043333 0.158500
0 0.361667 0.592250 0.086333 0.316500
0 0.397667 0.533000 0.052000 0.190000
0 0.438583 0.517375 0.042833 0.157250
0 0.467917 0.508500 0.035500 0.130500
0 0.483667 0.501875 0.032333 0.119250
0 0.500250 0.495375 0.029833 0.109750
0 0.422917 0.493625 0.030833 0.113750
0 0.574500 0.538500 0.051333 0.188000
0 0.585250 0.520250 0.043500 0.160000
0 0.597083 0.510625 0.037167 0.136750
0 0.602750 0.502250 0.033500 0.122500
0 0.760917 0.535375 0.052500 0.192750
0 0.736000 0.520000 0.045000 0.165000
0 0.717500 0.509375 0.036667 0.134750
0 0.704250 0.502500 0.032500 0.119500
0 0.695083 0.496125 0.030833 0.113250
0 0.806583 0.510625 0.036167 0.132250
0 0.793833 0.500625 0.033667 0.123250
0 0.781500 0.495500 0.030667 0.112000
0 0.846667 0.521250 0.044333 0.162500
0 0.893750 0.536125 0.052500 0.192250