0 0.283037 0.569737 0.124260 0.402632
0 0.227811 0.528947 0.092702 0.305263
0 0.525641 0.656579 0.179487 0.586842
0 0.177515 0.492105 0.074951 0.252632
0 0.136095 0.467105 0.063116 0.213158
0 0.112426 0.451316 0.051282 0.176316
0 0.089744 0.443421 0.045365 0.150000
0 0.072978 0.426316 0.039448 0.131579
0 0.058185 0.421053 0.033531 0.115789
0 0.037475 0.406579 0.027613 0.092105
0 0.023669 0.401316 0.023669 0.081579
0 0.442801 0.498684 0.084813 0.281579
0 0.357002 0.465789 0.074951 0.242105
0 0.313609 0.407895 0.047337 0.152632
0 0.392505 0.394737 0.039448 0.131579
0 0.568047 0.415789 0.051282 0.173684
0 0.636095 0.514474 0.096647 0.318421
0 0.611440 0.480263 0.078895 0.260526
0 0.793886 0.443421 0.069034 0.228947
0 0.744576 0.425000 0.057199 0.186842
0 0.682446 0.434211 0.063116 0.205263
0 0.640039 0.352632 0.025641 0.084211
0 0.837278 0.386842 0.053254 0.178947
0 0.933925 0.421053 0.069034 0.226316
0 0.909270 0.390789 0.059172 0.192105
0 0.878698 0.353947 0.033531 0.113158
0 0.987179 0.357895 0.025641 0.126316
0 0.751479 0.361842 0.035503 0.113158
0 0.731755 0.409211 0.055227 0.181579
0 0.859961 0.353947 0.027613 0.092105
0 0.715976 0.364474 0.039448 0.134211
0 0.694280 0.360526 0.027613 0.100000
0 0.592702 0.348684 0.025641 0.081579
0 0.532544 0.384211 0.035503 0.121053
0 0.544379 0.376316 0.035503 0.115789
0 0.488166 0.385526 0.037475 0.128947
0 0.456607 0.382895 0.033531 0.118421
0 0.246548 0.460526 0.067061 0.226316
0 0.335306 0.398684 0.039448 0.128947
0 0.419132 0.440789 0.053254 0.181579
0 0.471400 0.373684 0.027613 0.100000
0 0.960552 0.356579 0.027613 0.065789
0 0.958580 0.309211 0.031558 0.039474
0 0.014793 0.588158 0.029586 0.307895