0 0.044167 0.664201 0.045000 0.198225
0 0.110833 0.553254 0.041667 0.177515
0 0.149167 0.461538 0.035000 0.153846
0 0.231667 0.670118 0.046667 0.204142
0 0.270000 0.544379 0.040000 0.171598
0 0.300833 0.458580 0.035000 0.159763
0 0.404167 0.656805 0.048333 0.207101
0 0.409167 0.544379 0.041667 0.177515
0 0.415000 0.452663 0.036667 0.165680
0 0.507500 0.784024 0.055000 0.236686
0 0.601667 0.647929 0.046667 0.201183
0 0.570833 0.535503 0.041667 0.177515
0 0.561667 0.440828 0.040000 0.171598
0 0.686667 0.437870 0.036667 0.165680
0 0.719167 0.531065 0.041667 0.180473
0 0.773333 0.643491 0.046667 0.210059
0 0.820000 0.445266 0.036667 0.156805
0 0.880000 0.536982 0.040000 0.180473
0 0.944167 0.634615 0.045000 0.192308