0 0.429710 0.850000 0.071014 0.260870
0 0.457971 0.756522 0.075362 0.273913
0 0.527536 0.784783 0.066667 0.243478
0 0.580435 0.828261 0.073913 0.273913
0 0.687681 0.830435 0.068116 0.256522
0 0.326812 0.822826 0.071014 0.267391
0 0.235507 0.775000 0.068116 0.250000
0 0.213768 0.719565 0.059420 0.221739
0 0.200000 0.705435 0.060870 0.228261
0 0.244928 0.635870 0.052174 0.189130
0 0.376087 0.746739 0.068116 0.254348
0 0.390580 0.777174 0.068116 0.250000
0 0.489130 0.614130 0.059420 0.223913
0 0.572464 0.610870 0.055072 0.204348
0 0.644928 0.621739 0.049275 0.186957
0 0.687681 0.634783 0.053623 0.204348
0 0.810870 0.815217 0.073913 0.269565
0 0.874638 0.785870 0.065217 0.245652
0 0.828261 0.606522 0.039130 0.104348
0 0.852899 0.638043 0.042029 0.102174
0 0.432609 0.585870 0.042029 0.119565