0 0.110714 0.661000 0.077619 0.267333
0 0.154286 0.682000 0.087619 0.301333
0 0.221905 0.654667 0.062857 0.216000
0 0.294048 0.643333 0.053810 0.185333
0 0.364048 0.700667 0.109048 0.374667
0 0.415476 0.630333 0.053810 0.184667
0 0.540476 0.624333 0.055238 0.190000
0 0.669524 0.680333 0.111429 0.380667
0 0.795476 0.632667 0.059524 0.202667
0 0.722619 0.605333 0.035714 0.122667
0 0.753810 0.605000 0.034286 0.119333
0 0.817857 0.603333 0.032857 0.114667
0 0.830714 0.605333 0.032857 0.114667
0 0.855952 0.605333 0.031905 0.109333
0 0.890000 0.671667 0.080952 0.276667
0 0.939286 0.648000 0.072857 0.249333
0 0.966905 0.595000 0.030952 0.107333
0 0.702143 0.559333 0.020476 0.042667
0 0.980000 0.558667 0.014286 0.033333
0 0.982381 0.596667 0.016190 0.034667
0 0.875714 0.567000 0.011429 0.031333
0 0.661905 0.539000 0.021905 0.040667