0 0.151875 0.574766 0.156250 0.570093
0 0.211875 0.535514 0.113750 0.416822
0 0.282500 0.513084 0.105000 0.383178
0 0.323125 0.490654 0.083750 0.308411
0 0.392500 0.474766 0.080000 0.291589
0 0.436875 0.448598 0.068750 0.257944
0 0.579375 0.452336 0.066250 0.246729
0 0.671875 0.482243 0.083750 0.310280
0 0.728125 0.521495 0.106250 0.388785
0 0.793750 0.553271 0.122500 0.452336
0 0.822500 0.457009 0.067500 0.252336
0 0.936250 0.475701 0.085000 0.312150
0 0.968750 0.507477 0.062500 0.360748
0 0.682500 0.423364 0.037500 0.192523