0 0.035507 0.556522 0.071014 0.313043
0 0.081884 0.561957 0.071014 0.263043
0 0.117391 0.572826 0.086957 0.323913
0 0.152174 0.569565 0.075362 0.273913
0 0.189130 0.561957 0.073913 0.276087
0 0.216667 0.563043 0.079710 0.291304
0 0.283333 0.563043 0.073913 0.278261
0 0.342754 0.553261 0.073913 0.276087
0 0.418841 0.543478 0.078261 0.291304
0 0.446377 0.558696 0.052174 0.195652
0 0.517391 0.533696 0.075362 0.280435
0 0.592754 0.533696 0.069565 0.258696
0 0.626087 0.531522 0.069565 0.254348
0 0.669565 0.532609 0.066667 0.252174
0 0.739855 0.529348 0.068116 0.254348
0 0.801449 0.526087 0.066667 0.243478
0 0.884783 0.519565 0.068116 0.247826
0 0.955072 0.521739 0.063768 0.234783
0 0.848551 0.507609 0.042029 0.102174