0 0.040833 0.662500 0.018333 0.058333
0 0.014167 0.722917 0.018333 0.054167
0 0.185000 0.786458 0.020000 0.068750
0 0.216667 0.789583 0.023333 0.079167
0 0.230833 0.801042 0.021667 0.072917
0 0.257500 0.813542 0.025000 0.081250
0 0.271667 0.796875 0.020000 0.068750
0 0.300000 0.798958 0.026667 0.081250
0 0.349167 0.848958 0.015000 0.047917
0 0.374167 0.842708 0.021667 0.064583
0 0.381667 0.848958 0.013333 0.043750
0 0.425000 0.872917 0.020000 0.062500
0 0.447500 0.856250 0.021667 0.070833
0 0.497500 0.867708 0.021667 0.064583
0 0.511667 0.905208 0.020000 0.068750
0 0.545833 0.907292 0.025000 0.077083
0 0.583333 0.919792 0.023333 0.072917
0 0.636667 0.892708 0.030000 0.089583
0 0.592500 0.908333 0.031667 0.100000
0 0.464167 0.889583 0.025000 0.075000
0 0.542500 0.889583 0.028333 0.087500
0 0.677500 0.929167 0.028333 0.091667
0 0.712500 0.913542 0.028333 0.093750
0 0.730833 0.902083 0.031667 0.100000
0 0.755000 0.921875 0.030000 0.093750
0 0.775833 0.903125 0.028333 0.089583
0 0.788333 0.878125 0.026667 0.085417
0 0.742500 0.896875 0.028333 0.085417
0 0.828333 0.891667 0.026667 0.087500
0 0.690833 0.830208 0.025000 0.081250
0 0.655000 0.822917 0.023333 0.079167
0 0.623333 0.814583 0.026667 0.083333
0 0.588333 0.806250 0.023333 0.075000
0 0.557500 0.798958 0.021667 0.072917
0 0.522500 0.791667 0.021667 0.070833
0 0.489167 0.785417 0.021667 0.070833
0 0.458333 0.779167 0.023333 0.070833
0 0.430000 0.771875 0.023333 0.072917
0 0.403333 0.763542 0.020000 0.068750
0 0.374167 0.752083 0.021667 0.066667
0 0.348333 0.747917 0.020000 0.066667
0 0.326667 0.742708 0.020000 0.064583
0 0.295000 0.729167 0.016667 0.058333
0 0.273333 0.725000 0.016667 0.058333
0 0.250833 0.719792 0.021667 0.064583
0 0.228333 0.713542 0.020000 0.060417
0 0.205000 0.709375 0.020000 0.060417
0 0.182500 0.705208 0.018333 0.060417
0 0.165833 0.695833 0.018333 0.058333
0 0.145000 0.692708 0.020000 0.060417
0 0.125000 0.685417 0.020000 0.062500
0 0.108333 0.680208 0.020000 0.060417
0 0.093333 0.675000 0.016667 0.054167
0 0.071667 0.671875 0.016667 0.056250
0 0.139167 0.596875 0.018333 0.056250
0 0.030833 0.657292 0.018333 0.056250
0 0.078333 0.615625 0.020000 0.068750
0 0.100833 0.606250 0.025000 0.075000
0 0.141667 0.593750 0.013333 0.045833
0 0.095000 0.661458 0.020000 0.060417
0 0.112500 0.642708 0.008333 0.031250
0 0.128333 0.639583 0.010000 0.029167
0 0.152500 0.661458 0.008333 0.031250
0 0.176667 0.651042 0.010000 0.031250
0 0.190000 0.640625 0.006667 0.018750
0 0.420000 0.746875 0.023333 0.072917
0 0.474167 0.765625 0.018333 0.056250
0 0.500833 0.769792 0.021667 0.068750
0 0.513333 0.760417 0.023333 0.079167
0 0.525000 0.729167 0.010000 0.033333
0 0.534167 0.719792 0.011667 0.035417
0 0.542500 0.714583 0.008333 0.033333
0 0.570833 0.786458 0.021667 0.068750
0 0.578333 0.762500 0.016667 0.050000
0 0.598333 0.789583 0.023333 0.075000
0 0.605833 0.779167 0.025000 0.079167
0 0.666667 0.802083 0.023333 0.079167
0 0.700833 0.812500 0.025000 0.079167
0 0.710000 0.794792 0.026667 0.081250
0 0.716667 0.783333 0.023333 0.070833
0 0.760000 0.707292 0.020000 0.068750
0 0.653333 0.661458 0.013333 0.043750
0 0.635000 0.616667 0.016667 0.050000