0 0.113736 0.566860 0.069231 0.300388
0 0.091209 0.479651 0.059341 0.261628
0 0.176923 0.603682 0.061538 0.265504
0 0.204945 0.539729 0.064835 0.281008
0 0.273077 0.555233 0.058242 0.250000
0 0.313187 0.559109 0.070330 0.308140
0 0.362637 0.584302 0.072527 0.315891
0 0.409341 0.527132 0.071429 0.306202
0 0.464286 0.556202 0.056044 0.248062
0 0.573077 0.559109 0.073626 0.315891
0 0.648352 0.584302 0.070330 0.308140
0 0.807692 0.546512 0.059341 0.259690
0 0.856044 0.562984 0.070330 0.308140
0 0.886264 0.557171 0.058242 0.257752
0 0.941758 0.600775 0.068132 0.294574
0 0.125824 0.431202 0.012088 0.098837