0 0.079687 0.729508 0.090625 0.334895
0 0.164062 0.727166 0.075000 0.278689
0 0.232031 0.733021 0.060937 0.229508
0 0.298438 0.737705 0.046875 0.177986
0 0.336719 0.733021 0.039062 0.149883
0 0.389844 0.737705 0.032813 0.126464
0 0.403125 0.731850 0.028125 0.105386
0 0.528906 0.747073 0.110937 0.407494
0 0.416406 0.731850 0.026562 0.096019
0 0.482812 0.736534 0.025000 0.091335
0 0.577344 0.735363 0.023438 0.093677
0 0.671875 0.735363 0.046875 0.173302
0 0.650781 0.730679 0.045312 0.163934
0 0.708594 0.737705 0.060937 0.224824
0 0.756250 0.733021 0.071875 0.271663
0 0.795312 0.737705 0.090625 0.337237
0 0.871875 0.741218 0.112500 0.419204
0 0.925781 0.736534 0.064062 0.241218
0 0.952344 0.733021 0.039062 0.149883
0 0.271875 0.735363 0.025000 0.098361
0 0.968750 0.745902 0.028125 0.105386
0 0.317969 0.448478 0.014063 0.058548
0 0.333594 0.409836 0.017188 0.060890
0 0.331250 0.548009 0.015625 0.065574
0 0.557813 0.517564 0.012500 0.051522
0 0.560156 0.448478 0.014063 0.049180
0 0.561719 0.394614 0.014063 0.049180
0 0.812500 0.446136 0.018750 0.067916
0 0.784375 0.400468 0.015625 0.056206
0 0.044531 0.747073 0.014063 0.182670
0 0.019531 0.747073 0.039062 0.187354
0 0.307031 0.573770 0.010937 0.028103
0 0.292969 0.567916 0.014063 0.021077
0 0.303906 0.591335 0.010937 0.021077
0 0.214062 0.647541 0.012500 0.021077
0 0.200000 0.669789 0.012500 0.023419
0 0.197656 0.642857 0.010937 0.016393
0 0.210156 0.626464 0.010937 0.021077
0 0.194531 0.625293 0.017188 0.023419
0 0.148438 0.626464 0.018750 0.021077
0 0.125781 0.624122 0.010937 0.021077
0 0.142187 0.608899 0.015625 0.023419
0 0.129688 0.604215 0.012500 0.023419
0 0.112500 0.605386 0.012500 0.016393
0 0.107813 0.585480 0.012500 0.023419
0 0.120313 0.570258 0.012500 0.030445
0 0.132812 0.569087 0.012500 0.028103
0 0.148438 0.567916 0.015625 0.025761
0 0.163281 0.569087 0.017188 0.028103
0 0.177344 0.570258 0.017188 0.030445
0 0.192188 0.565574 0.012500 0.021077
0 0.203906 0.565574 0.010937 0.030445
0 0.221875 0.569087 0.012500 0.028103
0 0.233594 0.566745 0.014063 0.032787
0 0.261719 0.569087 0.020313 0.018735
0 0.181250 0.586651 0.018750 0.025761
0 0.210156 0.587822 0.017188 0.018735
0 0.240625 0.591335 0.012500 0.021077
0 0.259375 0.591335 0.015625 0.021077
0 0.273438 0.588993 0.012500 0.025761
0 0.287500 0.591335 0.018750 0.021077
0 0.217969 0.612412 0.014063 0.016393
0 0.246875 0.605386 0.018750 0.016393
0 0.032813 0.567916 0.012500 0.030445
0 0.050000 0.563232 0.009375 0.021077
0 0.062500 0.569087 0.015625 0.023419
0 0.050000 0.606557 0.009375 0.037471
0 0.036719 0.606557 0.007812 0.028103
0 0.026562 0.608899 0.012500 0.028103
0 0.065625 0.597190 0.012500 0.023419
0 0.035156 0.648712 0.014063 0.032787
0 0.021094 0.655738 0.010937 0.032787
0 0.023438 0.670960 0.009375 0.030445
0 0.832812 0.570258 0.021875 0.035129
0 0.847656 0.572600 0.026562 0.035129
0 0.839844 0.597190 0.020313 0.032787
0 0.892969 0.567916 0.010937 0.035129
0 0.907813 0.566745 0.012500 0.032787
0 0.903125 0.592506 0.018750 0.023419
0 0.891406 0.535129 0.017188 0.025761
0 0.906250 0.515222 0.012500 0.023419
0 0.897656 0.507026 0.010937 0.025761
0 0.887500 0.490632 0.012500 0.021077
0 0.898438 0.476581 0.009375 0.025761
0 0.543750 0.531616 0.015625 0.018735
0 0.531250 0.526932 0.012500 0.023419
0 0.517969 0.522248 0.010937 0.018735
0 0.506250 0.523419 0.018750 0.021077
0 0.934375 0.586651 0.012500 0.035129
0 0.948438 0.585480 0.009375 0.028103
0 0.964063 0.585480 0.012500 0.028103
0 0.982812 0.586651 0.025000 0.021077
0 0.979688 0.613583 0.018750 0.028103
0 0.960156 0.611241 0.014063 0.032787
0 0.486719 0.532787 0.014063 0.016393
0 0.461719 0.533958 0.007812 0.023419
0 0.446875 0.532787 0.012500 0.021077
0 0.432812 0.529274 0.015625 0.023419
0 0.417187 0.530445 0.009375 0.016393
0 0.398438 0.532787 0.012500 0.025761
0 0.372656 0.537471 0.014063 0.021077
0 0.355469 0.503513 0.017188 0.032787
0 0.370312 0.491803 0.012500 0.023419
0 0.376563 0.516393 0.012500 0.016393
0 0.388281 0.489461 0.010937 0.018735
0 0.400000 0.492974 0.012500 0.021077
0 0.413281 0.492974 0.014063 0.021077
0 0.425781 0.504684 0.017188 0.025761
0 0.423438 0.484778 0.009375 0.018735
0 0.437500 0.484778 0.012500 0.014052
0 0.447656 0.501171 0.014063 0.018735
0 0.491406 0.514052 0.014063 0.021077
0 0.461719 0.501171 0.010937 0.018735
0 0.478906 0.501171 0.010937 0.018735
0 0.465625 0.487119 0.009375 0.014052
0 0.477344 0.489461 0.007812 0.018735
0 0.491406 0.497658 0.010937 0.016393
0 0.492969 0.484778 0.014063 0.014052
0 0.503906 0.494145 0.010937 0.014052
0 0.506250 0.474239 0.012500 0.011710
0 0.509375 0.430913 0.009375 0.018735
0 0.519531 0.432084 0.010937 0.016393
0 0.519531 0.473068 0.010937 0.014052
0 0.517188 0.495316 0.012500 0.021077
0 0.529687 0.502342 0.009375 0.021077
0 0.532031 0.488290 0.014063 0.016393
0 0.531250 0.455504 0.009375 0.016393
0 0.509375 0.400468 0.009375 0.018735
0 0.528906 0.398126 0.007812 0.018735
0 0.540625 0.372365 0.012500 0.018735
0 0.541406 0.395785 0.014063 0.014052
0 0.541406 0.408665 0.014063 0.021077
0 0.542188 0.422717 0.012500 0.011710
0 0.544531 0.433255 0.010937 0.014052
0 0.542969 0.444965 0.010937 0.014052
0 0.541406 0.457845 0.014063 0.016393
0 0.542969 0.470726 0.007812 0.018735
0 0.542969 0.498829 0.010937 0.018735
0 0.496875 0.453162 0.012500 0.021077
0 0.480469 0.473068 0.007812 0.023419
0 0.464844 0.474239 0.010937 0.016393
0 0.451562 0.476581 0.009375 0.016393
0 0.442188 0.469555 0.009375 0.016393
0 0.417187 0.475410 0.009375 0.014052
0 0.403125 0.474239 0.009375 0.021077
0 0.390625 0.474239 0.009375 0.016393
0 0.378906 0.473068 0.010937 0.014052
0 0.357812 0.464871 0.012500 0.025761
0 0.367188 0.467213 0.009375 0.025761
0 0.468750 0.460187 0.009375 0.016393
0 0.481250 0.454333 0.009375 0.014052
0 0.470313 0.382904 0.012500 0.011710
0 0.470313 0.395785 0.012500 0.014052
0 0.466406 0.432084 0.007812 0.021077
0 0.458594 0.447307 0.010937 0.014052
0 0.460938 0.434426 0.009375 0.016393
0 0.442969 0.454333 0.014063 0.009368
0 0.418750 0.459016 0.009375 0.018735
0 0.413281 0.443794 0.014063 0.016393
0 0.400781 0.440281 0.010937 0.014052
0 0.389062 0.440281 0.012500 0.018735
0 0.378906 0.440281 0.007812 0.023419
0 0.367188 0.434426 0.009375 0.016393
0 0.356250 0.434426 0.012500 0.011710
0 0.343750 0.433255 0.012500 0.018735
0 0.347656 0.419204 0.014063 0.014052
0 0.362500 0.419204 0.012500 0.018735
0 0.384375 0.413349 0.009375 0.016393
0 0.397656 0.419204 0.010937 0.014052
0 0.414844 0.421546 0.010937 0.014052
0 0.439063 0.426230 0.009375 0.014052
0 0.425000 0.439110 0.009375 0.016393
0 0.437500 0.439110 0.012500 0.011710
0 0.455469 0.384075 0.014063 0.014052
0 0.432812 0.394614 0.009375 0.021077
0 0.435937 0.370023 0.012500 0.014052
0 0.417187 0.374707 0.009375 0.014052
0 0.415625 0.391101 0.012500 0.014052
0 0.414844 0.405152 0.014063 0.014052
0 0.445312 0.399297 0.009375 0.016393
0 0.406250 0.373536 0.009375 0.016393
0 0.396094 0.370023 0.010937 0.014052
0 0.385937 0.374707 0.012500 0.014052
0 0.383594 0.388759 0.010937 0.014052
0 0.373437 0.384075 0.012500 0.018735
0 0.367969 0.398126 0.010937 0.014052
0 0.403125 0.400468 0.009375 0.018735
0 0.409375 0.516393 0.012500 0.021077
0 0.394531 0.512881 0.014063 0.018735
0 0.199219 0.374707 0.010937 0.014052
0 0.210156 0.374707 0.010937 0.014052
0 0.222656 0.386417 0.014063 0.014052
0 0.235156 0.387588 0.010937 0.016393
0 0.263281 0.382904 0.010937 0.016393
0 0.274219 0.384075 0.010937 0.018735
0 0.285156 0.384075 0.010937 0.018735
0 0.300000 0.385246 0.018750 0.021077
0 0.317969 0.387588 0.017188 0.016393
0 0.183594 0.398126 0.010937 0.014052
0 0.194531 0.398126 0.010937 0.014052
0 0.204687 0.396956 0.009375 0.016393
0 0.239063 0.398126 0.012500 0.014052
0 0.250000 0.398126 0.009375 0.014052
0 0.279687 0.398126 0.009375 0.014052
0 0.289844 0.398126 0.010937 0.014052
0 0.303125 0.398126 0.015625 0.014052
0 0.020313 0.543326 0.015625 0.014052
0 0.021094 0.559719 0.014063 0.018735
0 0.034375 0.543326 0.012500 0.014052
0 0.046094 0.543326 0.010937 0.014052
0 0.058594 0.543326 0.014063 0.014052
0 0.071094 0.544496 0.010937 0.016393
0 0.085156 0.543326 0.017188 0.018735
0 0.100000 0.543326 0.012500 0.018735
0 0.113281 0.544496 0.014063 0.016393
0 0.127344 0.543326 0.014063 0.014052
0 0.139063 0.542155 0.009375 0.016393
0 0.151562 0.542155 0.015625 0.016393
0 0.165625 0.543326 0.012500 0.014052
0 0.178906 0.543326 0.014063 0.014052
0 0.193750 0.558548 0.015625 0.016393
0 0.206250 0.545667 0.012500 0.014052
0 0.233594 0.539813 0.017188 0.025761
0 0.246875 0.539813 0.009375 0.021077
0 0.032031 0.526932 0.014063 0.014052
0 0.045312 0.526932 0.012500 0.014052
0 0.069531 0.525761 0.014063 0.011710
0 0.083594 0.525761 0.014063 0.011710
0 0.096875 0.525761 0.012500 0.011710
0 0.110156 0.525761 0.014063 0.011710
0 0.124219 0.524590 0.014063 0.014052
0 0.150781 0.524590 0.014063 0.009368
0 0.164844 0.525761 0.014063 0.011710
0 0.177344 0.523419 0.010937 0.016393
0 0.189844 0.524590 0.014063 0.018735
0 0.203906 0.526932 0.014063 0.014052
0 0.217969 0.526932 0.014063 0.014052
0 0.227344 0.515222 0.010937 0.018735
0 0.214844 0.515222 0.014063 0.018735
0 0.201563 0.515222 0.012500 0.018735
0 0.186719 0.511710 0.017188 0.011710
0 0.161719 0.514052 0.014063 0.016393
0 0.132812 0.512881 0.015625 0.009368
0 0.110156 0.512881 0.017188 0.014052
0 0.096094 0.512881 0.010937 0.014052
0 0.067969 0.516393 0.007812 0.021077
0 0.058594 0.516393 0.010937 0.021077
0 0.035156 0.512881 0.010937 0.014052
0 0.042969 0.507026 0.010937 0.021077
0 0.057813 0.498829 0.012500 0.014052
0 0.068750 0.496487 0.012500 0.014052
0 0.079687 0.509368 0.015625 0.021077
0 0.104688 0.497658 0.015625 0.016393
0 0.118750 0.498829 0.012500 0.014052
0 0.131250 0.498829 0.012500 0.014052
0 0.157812 0.500000 0.012500 0.011710
0 0.169531 0.497658 0.010937 0.016393
0 0.181250 0.496487 0.012500 0.014052
0 0.195312 0.497658 0.015625 0.011710
0 0.219531 0.496487 0.010937 0.014052
0 0.233594 0.502342 0.017188 0.025761
0 0.242188 0.490632 0.012500 0.021077
0 0.228906 0.484778 0.014063 0.009368
0 0.215625 0.483607 0.012500 0.011710
0 0.202344 0.485948 0.014063 0.016393
0 0.190625 0.483607 0.009375 0.021077
0 0.180469 0.483607 0.010937 0.021077
0 0.167969 0.485948 0.014063 0.016393
0 0.154688 0.488290 0.015625 0.021077
0 0.105469 0.488290 0.010937 0.016393
0 0.091406 0.477752 0.014063 0.014052
0 0.081250 0.475410 0.009375 0.014052
0 0.062500 0.477752 0.009375 0.014052
0 0.049219 0.482436 0.017188 0.014052
0 0.033594 0.498829 0.017188 0.014052
0 0.021875 0.476581 0.015625 0.021077
0 0.039844 0.439110 0.020313 0.035129
0 0.298438 0.532787 0.021875 0.025761
0 0.282031 0.531616 0.017188 0.023419
0 0.249219 0.477752 0.010937 0.014052
0 0.260937 0.460187 0.009375 0.021077
0 0.264844 0.451991 0.007812 0.018735
0 0.289062 0.413349 0.009375 0.016393
0 0.275781 0.451991 0.010937 0.018735
0 0.316406 0.421546 0.007812 0.018735
0 0.302344 0.415691 0.010937 0.016393
0 0.320312 0.405152 0.012500 0.023419
0 0.264844 0.407494 0.010937 0.014052
0 0.261719 0.418033 0.010937 0.016393
0 0.258594 0.433255 0.010937 0.014052
0 0.242969 0.423888 0.010937 0.014052
0 0.233594 0.409836 0.010937 0.014052
0 0.210156 0.403981 0.014063 0.011710
0 0.189844 0.406323 0.010937 0.016393
0 0.128906 0.418033 0.010937 0.016393
0 0.139063 0.419204 0.009375 0.014052
0 0.148438 0.420375 0.009375 0.016393
0 0.158594 0.420375 0.010937 0.016393
0 0.210156 0.414520 0.014063 0.009368
0 0.230469 0.429742 0.010937 0.016393
0 0.232031 0.430913 0.007812 0.018735
0 0.211719 0.437939 0.010937 0.014052
0 0.253125 0.451991 0.012500 0.028103
0 0.231250 0.451991 0.009375 0.018735
0 0.194531 0.461358 0.010937 0.023419
0 0.181250 0.461358 0.009375 0.018735
0 0.175781 0.439110 0.014063 0.021077
0 0.157812 0.451991 0.012500 0.018735
0 0.144531 0.455504 0.014063 0.025761
0 0.132812 0.454333 0.009375 0.023419
0 0.121875 0.453162 0.012500 0.021077
0 0.111719 0.450820 0.010937 0.021077
0 0.098437 0.448478 0.015625 0.016393
0 0.085938 0.446136 0.009375 0.021077
0 0.127344 0.469555 0.014063 0.025761
0 0.142187 0.475410 0.012500 0.023419
0 0.114062 0.469555 0.015625 0.025761
0 0.100781 0.464871 0.010937 0.016393
0 0.092188 0.469555 0.012500 0.021077
0 0.066406 0.454333 0.010937 0.014052
0 0.154688 0.440281 0.012500 0.014052
0 0.145313 0.439110 0.009375 0.016393
0 0.134375 0.439110 0.012500 0.016393
0 0.120313 0.439110 0.015625 0.016393
0 0.107031 0.437939 0.010937 0.018735
0 0.586719 0.523419 0.014063 0.021077
0 0.600000 0.521077 0.012500 0.025761
0 0.614062 0.519906 0.015625 0.023419
0 0.628906 0.515222 0.010937 0.023419
0 0.640625 0.516393 0.009375 0.016393
0 0.653906 0.516393 0.017188 0.016393
0 0.668750 0.518735 0.009375 0.021077
0 0.682031 0.518735 0.010937 0.021077
0 0.700781 0.518735 0.010937 0.016393
0 0.713281 0.517564 0.010937 0.018735
0 0.725781 0.518735 0.014063 0.021077
0 0.738281 0.517564 0.014063 0.018735
0 0.750781 0.517564 0.017188 0.023419
0 0.764844 0.517564 0.010937 0.028103
0 0.777344 0.517564 0.014063 0.018735
0 0.742969 0.539813 0.010937 0.016393
0 0.732031 0.530445 0.010937 0.016393
0 0.713281 0.532787 0.010937 0.021077
0 0.585938 0.501171 0.012500 0.014052
0 0.600000 0.503513 0.009375 0.014052
0 0.611719 0.501171 0.010937 0.014052
0 0.626563 0.503513 0.009375 0.018735
0 0.637500 0.504684 0.009375 0.016393
0 0.652344 0.502342 0.014063 0.011710
0 0.678125 0.498829 0.012500 0.014052
0 0.691406 0.501171 0.007812 0.018735
0 0.708594 0.503513 0.010937 0.014052
0 0.748437 0.503513 0.009375 0.018735
0 0.761719 0.502342 0.010937 0.016393
0 0.773438 0.503513 0.009375 0.023419
0 0.767188 0.483607 0.012500 0.016393
0 0.756250 0.485948 0.009375 0.021077
0 0.746875 0.487119 0.009375 0.018735
0 0.737500 0.487119 0.009375 0.018735
0 0.687500 0.482436 0.012500 0.018735
0 0.577344 0.381733 0.010937 0.014052
0 0.578125 0.396956 0.009375 0.016393
0 0.578906 0.413349 0.010937 0.016393
0 0.579688 0.428571 0.009375 0.014052
0 0.580469 0.454333 0.014063 0.014052
0 0.582031 0.469555 0.017188 0.016393
0 0.585156 0.484778 0.010937 0.014052
0 0.587500 0.381733 0.012500 0.018735
0 0.592187 0.444965 0.015625 0.009368
0 0.594531 0.456674 0.010937 0.014052
0 0.596094 0.483607 0.010937 0.021077
0 0.607031 0.487119 0.014063 0.014052
0 0.607812 0.469555 0.012500 0.016393
0 0.603125 0.429742 0.009375 0.016393
0 0.607812 0.399297 0.012500 0.016393
0 0.624219 0.407494 0.010937 0.014052
0 0.622656 0.427400 0.014063 0.025761
0 0.624219 0.447307 0.017188 0.014052
0 0.633594 0.462529 0.014063 0.011710
0 0.637500 0.481265 0.009375 0.021077
0 0.647656 0.474239 0.014063 0.021077
0 0.643750 0.461358 0.009375 0.014052
0 0.640625 0.443794 0.009375 0.016393
0 0.626563 0.389930 0.009375 0.016393
0 0.637500 0.423888 0.009375 0.014052
0 0.653125 0.435597 0.015625 0.032787
0 0.663281 0.480094 0.010937 0.018735
0 0.672656 0.475410 0.007812 0.023419
0 0.664062 0.439110 0.009375 0.016393
0 0.649219 0.402810 0.010937 0.018735
0 0.647656 0.371194 0.017188 0.011710
0 0.670312 0.372365 0.009375 0.014052
0 0.660156 0.384075 0.010937 0.014052
0 0.675000 0.384075 0.015625 0.009368
0 0.664062 0.395785 0.009375 0.014052
0 0.665625 0.409836 0.009375 0.018735
0 0.667188 0.426230 0.012500 0.014052
0 0.679688 0.442623 0.012500 0.018735
0 0.681250 0.461358 0.015625 0.018735
0 0.692969 0.457845 0.014063 0.016393
0 0.698438 0.473068 0.009375 0.014052
0 0.794531 0.463700 0.010937 0.028103
0 0.766406 0.460187 0.007812 0.025761
0 0.771875 0.437939 0.009375 0.028103
0 0.780469 0.427400 0.007812 0.035129
0 0.760938 0.409836 0.012500 0.023419
0 0.760156 0.393443 0.014063 0.023419
0 0.734375 0.378220 0.009375 0.021077
0 0.753906 0.427400 0.014063 0.030445
0 0.754687 0.454333 0.009375 0.028103
0 0.744531 0.457845 0.010937 0.021077
0 0.740625 0.444965 0.012500 0.014052
0 0.734375 0.432084 0.012500 0.011710
0 0.737500 0.420375 0.009375 0.021077
0 0.709375 0.428571 0.009375 0.014052
0 0.703125 0.460187 0.015625 0.011710
0 0.715625 0.450820 0.009375 0.016393
0 0.723437 0.433255 0.012500 0.018735
0 0.725781 0.456674 0.007812 0.028103
0 0.685156 0.422717 0.014063 0.025761
0 0.699219 0.421546 0.010937 0.018735
0 0.703125 0.408665 0.015625 0.025761
0 0.685156 0.406323 0.010937 0.025761
0 0.665625 0.536300 0.012500 0.028103
0 0.682031 0.537471 0.017188 0.025761
0 0.825781 0.447307 0.010937 0.014052
0 0.849219 0.453162 0.017188 0.016393
0 0.863281 0.453162 0.010937 0.016393
0 0.876563 0.457845 0.012500 0.025761
0 0.886719 0.451991 0.010937 0.023419
0 0.919531 0.533958 0.017188 0.037471
0 0.932813 0.535129 0.009375 0.035129
0 0.945312 0.535129 0.015625 0.035129
0 0.958594 0.538642 0.010937 0.028103
0 0.972656 0.543326 0.010937 0.037471
0 0.988281 0.545667 0.017188 0.028103
0 0.985938 0.523419 0.012500 0.016393
0 0.988281 0.512881 0.007812 0.018735
0 0.990625 0.501171 0.012500 0.018735
0 0.977344 0.501171 0.010937 0.023419
0 0.962500 0.503513 0.012500 0.018735
0 0.950781 0.507026 0.014063 0.021077
0 0.934375 0.503513 0.009375 0.018735
0 0.923438 0.502342 0.012500 0.021077
0 0.923438 0.488290 0.012500 0.021077
0 0.950000 0.489461 0.018750 0.032787
0 0.980469 0.492974 0.023438 0.025761
0 0.987500 0.476581 0.012500 0.021077
0 0.982031 0.461358 0.010937 0.023419
0 0.969531 0.461358 0.014063 0.023419
0 0.957812 0.467213 0.009375 0.035129
0 0.948438 0.473068 0.009375 0.023419
0 0.934375 0.470726 0.018750 0.018735
0 0.918750 0.467213 0.012500 0.021077
0 0.898438 0.444965 0.012500 0.018735
0 0.910937 0.448478 0.012500 0.011710
0 0.925000 0.450820 0.015625 0.016393
0 0.950781 0.446136 0.007812 0.021077
0 0.964063 0.444965 0.009375 0.023419
0 0.972656 0.443794 0.007812 0.025761
0 0.984375 0.437939 0.012500 0.018735
0 0.824219 0.427400 0.014063 0.021077
0 0.836719 0.427400 0.010937 0.021077
0 0.849219 0.427400 0.014063 0.021077
0 0.861719 0.428571 0.007812 0.023419
0 0.882031 0.428571 0.014063 0.018735
0 0.895312 0.429742 0.012500 0.016393
0 0.910937 0.429742 0.018750 0.016393
0 0.928125 0.429742 0.015625 0.016393
0 0.945312 0.425059 0.012500 0.016393
0 0.953906 0.425059 0.007812 0.021077
0 0.983594 0.409836 0.007812 0.023419
0 0.965625 0.406323 0.012500 0.025761
0 0.954688 0.407494 0.009375 0.023419
0 0.945312 0.405152 0.009375 0.018735
0 0.935156 0.403981 0.010937 0.021077
0 0.915625 0.405152 0.012500 0.018735
0 0.903906 0.403981 0.010937 0.016393
0 0.890625 0.405152 0.015625 0.014052
0 0.870313 0.403981 0.012500 0.011710
0 0.824219 0.406323 0.017188 0.011710
0 0.821875 0.392272 0.012500 0.016393
0 0.875000 0.382904 0.012500 0.021077
0 0.940625 0.381733 0.012500 0.014052
0 0.907813 0.373536 0.009375 0.021077
0 0.838281 0.372365 0.017188 0.018735
0 0.795312 0.388759 0.006250 0.023419
0 0.802344 0.412178 0.007812 0.023419
0 0.311719 0.624122 0.017188 0.035129