0 0.112000 0.113879 0.024000 0.113879
0 0.210000 0.204626 0.060000 0.259786
0 0.160000 0.106762 0.016000 0.071174
0 0.335000 0.252669 0.074000 0.327402
0 0.375000 0.211744 0.058000 0.252669
0 0.485000 0.188612 0.050000 0.220641
0 0.046000 0.112100 0.020000 0.096085
0 0.543000 0.215302 0.054000 0.231317
0 0.619000 0.256228 0.066000 0.298932
0 0.634000 0.199288 0.048000 0.213523
0 0.683000 0.222420 0.050000 0.224199
0 0.739000 0.172598 0.034000 0.160142
0 0.786000 0.158363 0.024000 0.117438
0 0.838000 0.245552 0.068000 0.298932
0 0.854000 0.156584 0.024000 0.106762
0 0.918000 0.140569 0.016000 0.081851
0 0.057000 0.119217 0.026000 0.110320
0 0.052000 0.756228 0.104000 0.473310
0 0.285000 0.852313 0.062000 0.274021
0 0.350000 0.759786 0.108000 0.466192
0 0.484000 0.841637 0.068000 0.302491
0 0.604000 0.758007 0.108000 0.469751
0 0.692000 0.848754 0.068000 0.295374
0 0.942000 0.741993 0.116000 0.501779
0 0.141000 0.119217 0.022000 0.081851
0 0.572000 0.138790 0.020000 0.078292