0 0.101818 0.780488 0.058182 0.237805
0 0.144545 0.765244 0.052727 0.225610
0 0.189091 0.774390 0.061818 0.262195
0 0.235455 0.771341 0.045455 0.195122
0 0.283636 0.778963 0.061818 0.253049
0 0.508182 0.769817 0.063636 0.265244
0 0.615455 0.772866 0.063636 0.265244
0 0.690000 0.769817 0.038182 0.167683
0 0.725455 0.765244 0.043636 0.182927
0 0.757273 0.768293 0.038182 0.164634
0 0.785455 0.771341 0.040000 0.170732
0 0.810909 0.763720 0.040000 0.167683
0 0.870000 0.774390 0.045455 0.189024
0 0.894545 0.756098 0.043636 0.189024
0 0.950909 0.774390 0.050909 0.213415