0 0.048485 0.349315 0.087879 0.328767
0 0.053788 0.328767 0.092424 0.342466
0 0.129545 0.295662 0.074242 0.276256
0 0.187121 0.318493 0.068182 0.248858
0 0.238636 0.295662 0.074242 0.280822
0 0.283333 0.292237 0.078788 0.296804
0 0.328030 0.280822 0.077273 0.292237
0 0.371212 0.280822 0.084848 0.310502
0 0.423485 0.280822 0.083333 0.305936
0 0.472727 0.277397 0.084848 0.312785
0 0.528030 0.271689 0.089394 0.328767
0 0.578788 0.279680 0.081818 0.303653
0 0.629545 0.277397 0.086364 0.317352
0 0.693182 0.276256 0.083333 0.310502
0 0.754545 0.279680 0.081818 0.299087
0 0.806818 0.280822 0.077273 0.292237
0 0.925758 0.310502 0.087879 0.324201
0 0.949242 0.307078 0.086364 0.317352