0 0.276613 0.256890 0.098387 0.293307
0 0.189516 0.202756 0.059677 0.181102
0 0.376613 0.294291 0.108065 0.324803
0 0.508871 0.129921 0.040323 0.122047
0 0.433871 0.381890 0.106452 0.322835
0 0.453226 0.244094 0.035484 0.106299
0 0.737097 0.275591 0.103226 0.307087
0 0.879839 0.298228 0.091935 0.273622
0 0.897581 0.284449 0.072581 0.218504
0 0.920968 0.268701 0.067742 0.202756
0 0.950000 0.259843 0.061290 0.188976
0 0.555645 0.731299 0.050000 0.155512
0 0.586290 0.730315 0.040323 0.125984
0 0.423387 0.827756 0.085484 0.253937
0 0.326613 0.758858 0.020968 0.068898
0 0.104839 0.178150 0.022581 0.037402
0 0.123387 0.173228 0.017742 0.031496
0 0.087097 0.212598 0.032258 0.039370
0 0.765323 0.807087 0.056452 0.161417
0 0.816129 0.797244 0.048387 0.141732
0 0.712097 0.792323 0.053226 0.080709
0 0.670161 0.736220 0.024194 0.066929
0 0.691935 0.715551 0.022581 0.029528
0 0.713710 0.720472 0.020968 0.031496
0 0.691129 0.744094 0.017742 0.027559
0 0.767742 0.717520 0.019355 0.025591
0 0.785484 0.712598 0.019355 0.023622
0 0.820161 0.714567 0.020968 0.027559
0 0.841129 0.713583 0.017742 0.037402
0 0.859677 0.745079 0.025806 0.072835
0 0.895161 0.720472 0.019355 0.043307
0 0.914516 0.771654 0.022581 0.137795
0 0.934677 0.710630 0.020968 0.035433
0 0.957258 0.716535 0.020968 0.043307
0 0.311290 0.823819 0.038710 0.092520
0 0.271774 0.853346 0.043548 0.131890
0 0.225806 0.861220 0.051613 0.179134
0 0.157258 0.893701 0.069355 0.125984
0 0.212097 0.717520 0.024194 0.053150
0 0.250806 0.718504 0.030645 0.047244
0 0.282258 0.720472 0.025806 0.051181
0 0.304839 0.720472 0.022581 0.047244