0 0.042000 0.701471 0.028000 0.108824
0 0.103000 0.701471 0.034000 0.120588
0 0.161000 0.701471 0.034000 0.120588
0 0.218000 0.694118 0.028000 0.111765
0 0.281000 0.697059 0.030000 0.111765
0 0.348000 0.688235 0.028000 0.111765
0 0.406000 0.689706 0.028000 0.108824
0 0.462000 0.689706 0.028000 0.102941
0 0.531000 0.694118 0.030000 0.105882
0 0.583000 0.689706 0.030000 0.108824
0 0.646000 0.683824 0.028000 0.102941
0 0.704000 0.683824 0.028000 0.102941
0 0.758000 0.679412 0.028000 0.105882
0 0.809000 0.677941 0.030000 0.108824
0 0.865000 0.676471 0.026000 0.100000
0 0.923000 0.676471 0.026000 0.100000
0 0.886000 0.661765 0.020000 0.082353
0 0.974000 0.677941 0.024000 0.097059