0 0.044375 0.663043 0.066250 0.222408
0 0.173750 0.658027 0.062500 0.209030
0 0.219375 0.637960 0.076250 0.252508
0 0.263125 0.644649 0.066250 0.215719
0 0.317500 0.657191 0.062500 0.204013
0 0.358750 0.632943 0.067500 0.225753
0 0.588125 0.646321 0.073750 0.239130
0 0.661875 0.621237 0.066250 0.219064
0 0.768125 0.663880 0.066250 0.217391
0 0.808750 0.620401 0.065000 0.217391
0 0.895625 0.623746 0.061250 0.204013
0 0.397500 0.410535 0.022500 0.075251
0 0.183750 0.419732 0.025000 0.083612
0 0.158750 0.423913 0.027500 0.088629
0 0.553750 0.633779 0.067500 0.224080
0 0.736250 0.627926 0.067500 0.225753
0 0.975000 0.470736 0.032500 0.098662
0 0.393125 0.350334 0.021250 0.038462
0 0.373125 0.353679 0.018750 0.041806