0 0.068619 0.463591 0.070293 0.259259
0 0.115900 0.484306 0.082845 0.304457
0 0.297490 0.453233 0.071967 0.264909
0 0.246444 0.564030 0.117155 0.430006
0 0.395188 0.606717 0.151883 0.556811
0 0.488285 0.453861 0.064435 0.236033
0 0.634519 0.475832 0.075732 0.278719
0 0.547280 0.526051 0.107113 0.392969
0 0.697280 0.453861 0.064017 0.234777
0 0.864017 0.511299 0.097071 0.354677
0 0.967992 0.466102 0.050628 0.185185
0 0.802720 0.598242 0.124268 0.456999
0 0.934310 0.400816 0.027615 0.074702
0 0.975732 0.368487 0.021757 0.023854
0 0.973431 0.484306 0.049791 0.226616
0 0.832845 0.387633 0.070711 0.136221
0 0.830126 0.367546 0.020084 0.034526