0 0.547000 0.649333 0.066000 0.221333
0 0.596000 0.634667 0.056000 0.192000
0 0.664000 0.640000 0.052000 0.170667
0 0.734000 0.652000 0.060000 0.194667
0 0.784000 0.646667 0.056000 0.189333
0 0.818000 0.640000 0.052000 0.176000
0 0.843000 0.636000 0.050000 0.162667
0 0.631000 0.629333 0.050000 0.165333
0 0.532000 0.642667 0.060000 0.202667
0 0.494000 0.630667 0.052000 0.173333
0 0.424000 0.634667 0.052000 0.176000
0 0.370000 0.637333 0.056000 0.192000
0 0.316000 0.628000 0.052000 0.178667
0 0.255000 0.617333 0.050000 0.162667
0 0.208000 0.634667 0.052000 0.176000
0 0.132000 0.625333 0.052000 0.178667
0 0.095000 0.621333 0.050000 0.165333