0 0.076471 0.639690 0.058824 0.215078
0 0.297059 0.647450 0.055882 0.203991
0 0.397059 0.620843 0.055882 0.203991
0 0.473529 0.661863 0.073529 0.272727
0 0.545588 0.600887 0.050000 0.190687
0 0.680147 0.606430 0.054412 0.206208
0 0.758824 0.629712 0.111765 0.416851
0 0.845588 0.626386 0.064706 0.241685
0 0.982353 0.586475 0.035294 0.197339
0 0.035294 0.572062 0.023529 0.093126
0 0.191176 0.557650 0.017647 0.073171
0 0.233088 0.547672 0.022059 0.079823
0 0.890441 0.512195 0.022059 0.088692
0 0.876471 0.506652 0.026471 0.095344
0 0.061765 0.573171 0.026471 0.099778