0 0.015000 0.631890 0.030000 0.200787
0 0.085000 0.688976 0.060000 0.228346
0 0.180000 0.712598 0.055000 0.212598
0 0.281250 0.740157 0.057500 0.220472
0 0.342500 0.696850 0.055000 0.212598
0 0.413750 0.757874 0.062500 0.248031
0 0.605000 0.805118 0.055000 0.216535
0 0.692500 0.761811 0.060000 0.240157
0 0.591250 0.740157 0.062500 0.236220
0 0.468750 0.683071 0.052500 0.216535
0 0.482500 0.625984 0.050000 0.188976
0 0.491250 0.557087 0.032500 0.129921
0 0.366250 0.590551 0.047500 0.181102
0 0.378750 0.564961 0.042500 0.169291
0 0.387500 0.525591 0.040000 0.161417
0 0.198750 0.647638 0.042500 0.177165
0 0.232500 0.633858 0.050000 0.204724
0 0.268750 0.570866 0.037500 0.157480
0 0.137500 0.602362 0.055000 0.212598
0 0.110000 0.641732 0.050000 0.196850
0 0.038750 0.564961 0.042500 0.177165
0 0.053750 0.525591 0.042500 0.161417
0 0.073750 0.488189 0.037500 0.141732
0 0.540000 0.783465 0.065000 0.251969
0 0.735000 0.842520 0.060000 0.228346
0 0.205000 0.783465 0.075000 0.133858
0 0.603750 0.905512 0.097500 0.149606
0 0.816250 0.714567 0.027500 0.066929
0 0.818750 0.643701 0.027500 0.051181
0 0.695000 0.620079 0.040000 0.027559
0 0.701250 0.576772 0.037500 0.059055
0 0.945000 0.635827 0.050000 0.051181
0 0.958750 0.681102 0.047500 0.039370
0 0.951250 0.730315 0.037500 0.043307
0 0.957500 0.807087 0.055000 0.094488