0 0.067969 0.498824 0.039062 0.145882
0 0.135937 0.494118 0.037500 0.145882
0 0.191406 0.498824 0.035937 0.136471
0 0.251563 0.494118 0.037500 0.136471
0 0.306250 0.485882 0.040625 0.148235
0 0.367969 0.495294 0.032813 0.129412
0 0.422656 0.489412 0.035937 0.131765
0 0.474219 0.490588 0.035937 0.134118
0 0.509375 0.490588 0.034375 0.124706
0 0.539844 0.490588 0.032813 0.120000
0 0.576562 0.487059 0.034375 0.127059
0 0.611719 0.487059 0.035937 0.136471
0 0.643750 0.485882 0.034375 0.124706
0 0.667188 0.494118 0.037500 0.136471
0 0.699219 0.487059 0.029687 0.117647
0 0.727344 0.484706 0.035937 0.131765
0 0.749219 0.496471 0.029687 0.108235
0 0.781250 0.496471 0.031250 0.112941
0 0.810156 0.494118 0.029687 0.117647
0 0.842969 0.491765 0.032813 0.122353
0 0.876563 0.492941 0.031250 0.115294
0 0.920312 0.496471 0.028125 0.108235