0 0.639626 0.507890 0.058721 0.218935
0 0.698782 0.504274 0.059591 0.220907
0 0.801000 0.501315 0.066551 0.245233
0 0.825576 0.504274 0.059156 0.218277
0 0.932144 0.546680 0.062636 0.186062
0 0.937147 0.496384 0.108308 0.166995
0 0.888865 0.561801 0.124837 0.170283
0 0.781862 0.548652 0.108308 0.188692
0 0.703132 0.541749 0.103958 0.195924
0 0.616572 0.542078 0.090909 0.175542
0 0.560679 0.526298 0.118312 0.251808
0 0.497173 0.542735 0.144411 0.258383
0 0.410178 0.544707 0.159200 0.282051
0 0.300130 0.554898 0.214876 0.327416
0 0.130926 0.555556 0.206177 0.376068