0 0.223188 0.937093 0.026087 0.095445
0 0.456522 0.937093 0.028986 0.112798
0 0.515217 0.926247 0.030435 0.117137
0 0.537681 0.934924 0.028986 0.104121
0 0.564493 0.933839 0.027536 0.106291
0 0.602174 0.934924 0.027536 0.108460
0 0.710870 0.931670 0.030435 0.119306
0 0.818841 0.929501 0.028986 0.110629
0 0.987681 0.931670 0.024638 0.119306
0 0.112319 0.927332 0.042029 0.119306
0 0.154348 0.933839 0.030435 0.088937
0 0.193478 0.926247 0.018841 0.099783
0 0.304348 0.940347 0.028986 0.088937
0 0.347101 0.905640 0.010145 0.058568
0 0.378986 0.926247 0.030435 0.099783
0 0.863768 0.937093 0.052174 0.112798
0 0.913768 0.928416 0.056522 0.117137
0 0.783333 0.937093 0.015942 0.078091
0 0.805797 0.937093 0.020290 0.073753