0 0.321818 0.838384 0.054545 0.249158
0 0.393636 0.840067 0.049091 0.225589
0 0.519091 0.868687 0.052727 0.235690
0 0.564545 0.850168 0.049091 0.225589
0 0.686364 0.863636 0.045455 0.212121
0 0.718182 0.873737 0.047273 0.225589
0 0.767273 0.855219 0.043636 0.208754
0 0.828182 0.856902 0.056364 0.265993
0 0.981818 0.723906 0.036364 0.195286
0 0.949091 0.707071 0.043636 0.195286
0 0.912727 0.708754 0.040000 0.191919
0 0.042727 0.732323 0.038182 0.178451
0 0.022727 0.713805 0.034545 0.161616
0 0.535455 0.833333 0.052727 0.245791
0 0.503636 0.749158 0.065455 0.306397
0 0.468182 0.880471 0.074545 0.191919
0 0.194545 0.873737 0.054545 0.225589
0 0.252727 0.930976 0.072727 0.104377
0 0.302727 0.856902 0.056364 0.178451
0 0.281818 0.707071 0.050909 0.134680