0 0.150000 0.729851 0.042857 0.176119
0 0.186607 0.743284 0.037500 0.161194
0 0.226786 0.749254 0.042857 0.185075
0 0.266071 0.767164 0.035714 0.155224
0 0.303571 0.777612 0.042857 0.176119
0 0.342857 0.780597 0.042857 0.176119
0 0.379464 0.779104 0.044643 0.179104
0 0.408929 0.782090 0.039286 0.161194
0 0.443750 0.777612 0.033929 0.146269
0 0.466964 0.770149 0.037500 0.155224
0 0.493750 0.764179 0.041071 0.167164
0 0.563393 0.782090 0.044643 0.191045
0 0.595536 0.834328 0.048214 0.200000
0 0.700000 0.822388 0.050000 0.211940
0 0.736607 0.832836 0.055357 0.226866
0 0.939286 0.880597 0.053571 0.220896
0 0.668750 0.701493 0.037500 0.155224
0 0.750000 0.707463 0.042857 0.185075
0 0.766964 0.728358 0.041071 0.167164
0 0.846429 0.707463 0.042857 0.185075
0 0.914286 0.740299 0.039286 0.167164
0 0.952679 0.688060 0.037500 0.158209
0 0.969643 0.665672 0.042857 0.185075
0 0.630357 0.655224 0.039286 0.158209
0 0.576786 0.683582 0.032143 0.137313
0 0.036607 0.583582 0.023214 0.098507
0 0.070536 0.604478 0.023214 0.104478
0 0.105357 0.586567 0.028571 0.122388
0 0.133036 0.591045 0.030357 0.125373
0 0.161607 0.585075 0.030357 0.125373
0 0.176786 0.583582 0.021429 0.092537
0 0.200000 0.597015 0.021429 0.095522
0 0.239286 0.588060 0.025000 0.101493
0 0.263393 0.605970 0.026786 0.107463
0 0.381250 0.597015 0.030357 0.131343
0 0.414286 0.586567 0.025000 0.104478
0 0.445536 0.591045 0.023214 0.101493
0 0.478571 0.598507 0.028571 0.122388
0 0.519643 0.604478 0.032143 0.134328
0 0.555357 0.595522 0.032143 0.140299
0 0.584821 0.591045 0.026786 0.113433
0 0.320536 0.589552 0.023214 0.092537
0 0.292857 0.577612 0.025000 0.104478
0 0.341071 0.568657 0.021429 0.092537
0 0.352679 0.576119 0.026786 0.107463