0 0.269000 0.451299 0.150000 0.597403
0 0.396000 0.469156 0.128000 0.509740
0 0.462000 0.501623 0.124000 0.496753
0 0.528000 0.454545 0.104000 0.409091
0 0.715000 0.431818 0.118000 0.467532
0 0.631000 0.566558 0.098000 0.392857
0 0.683000 0.521104 0.090000 0.353896
0 0.784000 0.462662 0.108000 0.438312
0 0.802000 0.399351 0.120000 0.487013
0 0.257000 0.628247 0.078000 0.165584
0 0.362000 0.521104 0.072000 0.178571
0 0.470000 0.615260 0.080000 0.211039
0 0.552000 0.641234 0.068000 0.256494
0 0.815000 0.551948 0.054000 0.175325