0 0.064502 0.602068 0.089858 0.330220
0 0.088746 0.651101 0.103648 0.380254
0 0.215080 0.544029 0.064502 0.235490
0 0.240881 0.584723 0.085854 0.314209
0 0.262233 0.573716 0.073399 0.270847
0 0.303381 0.626751 0.108541 0.396931
0 0.495774 0.605737 0.092082 0.338893
0 0.446842 0.571714 0.081406 0.297532
0 0.459075 0.556371 0.070285 0.258839
0 0.514235 0.556704 0.063167 0.232822
0 0.565836 0.508672 0.030249 0.110073
0 0.592304 0.498332 0.023577 0.086724
0 0.603203 0.546698 0.054270 0.200801
0 0.618327 0.555704 0.057829 0.213476
0 0.647020 0.552035 0.069840 0.256838
0 0.675712 0.581721 0.078292 0.288192
0 0.720641 0.544696 0.057829 0.211474
0 0.771797 0.562375 0.062278 0.228152
0 0.788923 0.600400 0.093861 0.342895
0 0.825845 0.567712 0.071619 0.261508
0 0.872109 0.550367 0.057384 0.212141
0 0.957963 0.568379 0.063612 0.233489
0 0.114324 0.503336 0.059609 0.131421
0 0.276913 0.467979 0.018238 0.043362