0 0.120909 0.638122 0.023636 0.088398
0 0.140000 0.635359 0.025455 0.099448
0 0.186364 0.616022 0.023636 0.093923
0 0.215455 0.613260 0.023636 0.093923
0 0.240000 0.617403 0.021818 0.091160
0 0.261818 0.620166 0.021818 0.085635
0 0.282727 0.604972 0.023636 0.088398
0 0.310909 0.600829 0.021818 0.080110
0 0.325455 0.600829 0.021818 0.085635
0 0.394545 0.618785 0.018182 0.077348
0 0.410909 0.603591 0.021818 0.085635
0 0.492727 0.622928 0.018182 0.074586
0 0.462727 0.657459 0.005455 0.027624
0 0.428182 0.599448 0.016364 0.060773
0 0.017273 0.691989 0.023636 0.096685
0 0.030000 0.686464 0.027273 0.107735
0 0.040000 0.679558 0.029091 0.110497
0 0.043636 0.658840 0.021818 0.091160