0 0.048551 0.690217 0.021739 0.084783
0 0.083333 0.684783 0.027536 0.108696
0 0.113043 0.680435 0.031884 0.117391
0 0.152899 0.683696 0.024638 0.097826
0 0.239130 0.673913 0.017391 0.065217
0 0.365217 0.693478 0.034783 0.130435
0 0.390580 0.690217 0.033333 0.123913
0 0.415942 0.689130 0.037681 0.139130
0 0.446377 0.694565 0.034783 0.132609
0 0.476812 0.692391 0.040580 0.150000
0 0.509420 0.690217 0.042029 0.154348
0 0.774638 0.692391 0.024638 0.093478
0 0.798551 0.696739 0.026087 0.097826
0 0.948551 0.677174 0.013043 0.050000