0 0.023000 0.805556 0.046000 0.222222
0 0.037000 0.795833 0.058000 0.202778
0 0.067000 0.777778 0.050000 0.166667
0 0.100000 0.772222 0.044000 0.155556
0 0.124000 0.765278 0.040000 0.141667
0 0.149000 0.805556 0.070000 0.244444
0 0.191000 0.788889 0.058000 0.200000
0 0.228000 0.777778 0.048000 0.166667
0 0.251000 0.766667 0.042000 0.144444
0 0.311000 0.809722 0.070000 0.236111
0 0.332000 0.793056 0.056000 0.197222
0 0.497000 0.815278 0.066000 0.230556
0 0.684000 0.815278 0.064000 0.219444
0 0.666000 0.798611 0.060000 0.208333
0 0.641000 0.794444 0.054000 0.188889
0 0.608000 0.765278 0.044000 0.158333
0 0.584000 0.770833 0.044000 0.147222
0 0.559000 0.758333 0.038000 0.127778
0 0.538000 0.754167 0.032000 0.108333
0 0.731000 0.779167 0.042000 0.152778
0 0.767000 0.781944 0.046000 0.158333
0 0.815000 0.790278 0.050000 0.175000
0 0.857000 0.808333 0.062000 0.211111
0 0.889000 0.793056 0.046000 0.163889
0 0.940000 0.806944 0.060000 0.202778
0 0.978000 0.816667 0.044000 0.222222