0 0.128000 0.653915 0.136000 0.443060
0 0.092667 0.540036 0.049333 0.165480
0 0.032667 0.543594 0.054667 0.179715
0 0.223333 0.521352 0.044000 0.145907
0 0.264667 0.520463 0.044000 0.147687
0 0.313333 0.505338 0.040000 0.135231
0 0.350000 0.515125 0.028000 0.094306
0 0.416667 0.581851 0.108000 0.355872
0 0.508000 0.547153 0.074667 0.247331
0 0.891333 0.509786 0.113333 0.371886
0 0.952000 0.491103 0.096000 0.355872
0 0.647333 0.573843 0.076000 0.222420
0 0.746000 0.516904 0.041333 0.339858
0 0.715333 0.519573 0.041333 0.298932
0 0.804000 0.511566 0.050667 0.336299
0 0.989333 0.382562 0.021333 0.049822
0 0.508667 0.416370 0.028000 0.042705
0 0.551333 0.415480 0.025333 0.033808
0 0.446667 0.495552 0.032000 0.161922
0 0.050000 0.578292 0.025333 0.128114