0 0.410000 0.772500 0.093333 0.350000
0 0.511667 0.773750 0.093333 0.342500
0 0.609167 0.760000 0.088333 0.325000
0 0.672500 0.750000 0.085000 0.310000
0 0.762500 0.757500 0.088333 0.330000
0 0.278333 0.746250 0.106667 0.392500
0 0.827500 0.726250 0.081667 0.302500
0 0.895000 0.741250 0.083333 0.312500
0 0.202500 0.726250 0.078333 0.292500
0 0.149167 0.720000 0.078333 0.285000
0 0.114167 0.705000 0.071667 0.265000
0 0.075833 0.692500 0.061667 0.235000
0 0.042500 0.698750 0.061667 0.227500
0 0.355000 0.577500 0.040000 0.150000
0 0.383333 0.592500 0.033333 0.125000
0 0.425833 0.586250 0.048333 0.182500
0 0.475000 0.591250 0.043333 0.167500
0 0.565000 0.601250 0.043333 0.162500
0 0.611667 0.583750 0.036667 0.142500
0 0.654167 0.628750 0.048333 0.182500
0 0.747500 0.631250 0.058333 0.212500
0 0.888333 0.607500 0.043333 0.165000
0 0.315000 0.665000 0.070000 0.255000
0 0.216667 0.666250 0.063333 0.237500
0 0.725000 0.573750 0.070000 0.087500
0 0.865833 0.602500 0.025000 0.155000
0 0.251667 0.617500 0.053333 0.160000