0 0.767500 0.669608 0.122500 0.468627
0 0.851250 0.416667 0.050000 0.190196
0 0.950000 0.481373 0.070000 0.268627
0 0.221250 0.673529 0.125000 0.480392
0 0.070625 0.537255 0.083750 0.325490
0 0.057500 0.411765 0.057500 0.223529
0 0.108750 0.396078 0.055000 0.211765
0 0.146875 0.397059 0.056250 0.213725
0 0.208125 0.391176 0.051250 0.198039
0 0.245000 0.362745 0.035000 0.137255
0 0.270625 0.362745 0.031250 0.117647
0 0.299375 0.440196 0.053750 0.209804
0 0.347500 0.440196 0.042500 0.162745
0 0.360625 0.382353 0.043750 0.168627
0 0.464375 0.406863 0.041250 0.162745
0 0.344375 0.372549 0.041250 0.164706