0 0.013125 0.438815 0.026250 0.116635
0 0.039375 0.427342 0.033750 0.131931
0 0.072500 0.430210 0.027500 0.103250
0 0.111250 0.418738 0.032500 0.126195
0 0.148125 0.423518 0.028750 0.108987
0 0.183750 0.417782 0.030000 0.116635
0 0.039375 0.302103 0.011250 0.042065
0 0.048750 0.296367 0.007500 0.034417
0 0.085000 0.309751 0.012500 0.045889
0 0.222500 0.408222 0.030000 0.116635
0 0.246250 0.405354 0.030000 0.114723
0 0.283125 0.400574 0.028750 0.108987
0 0.303750 0.409178 0.022500 0.087954
0 0.334375 0.389101 0.028750 0.112811
0 0.385000 0.380497 0.032500 0.122371
0 0.427500 0.383365 0.027500 0.105163
0 0.473750 0.374761 0.027500 0.103250
0 0.526875 0.370937 0.023750 0.095602
0 0.574375 0.357553 0.023750 0.095602
0 0.625625 0.349904 0.023750 0.091778
0 0.674375 0.347992 0.023750 0.091778
0 0.697500 0.347036 0.022500 0.089866
0 0.723125 0.337476 0.023750 0.089866
0 0.754375 0.333652 0.023750 0.089866
0 0.797500 0.325048 0.025000 0.091778
0 0.823125 0.322180 0.023750 0.089866
0 0.853750 0.319312 0.022500 0.084130
0 0.871250 0.313576 0.025000 0.091778
0 0.883750 0.308795 0.022500 0.089866
0 0.897500 0.309751 0.020000 0.080306
0 0.905625 0.307839 0.021250 0.080306
0 0.911875 0.304971 0.021250 0.078394
0 0.923750 0.291587 0.022500 0.086042
0 0.937500 0.282983 0.022500 0.087954
0 0.974375 0.244742 0.016250 0.065010
0 0.961875 0.248566 0.011250 0.030593
0 0.956250 0.255258 0.012500 0.028681
0 0.966250 0.106119 0.012500 0.024857