0 0.258889 0.610000 0.108889 0.400000
0 0.213333 0.603333 0.097778 0.366667
0 0.156667 0.593333 0.064444 0.246667
0 0.554444 0.630000 0.140000 0.520000
0 0.621111 0.625000 0.095556 0.350000
0 0.396667 0.593333 0.037778 0.140000
0 0.350000 0.593333 0.037778 0.146667
0 0.305556 0.600000 0.042222 0.153333
0 0.285556 0.598333 0.037778 0.150000
0 0.115556 0.601667 0.048889 0.176667
0 0.043333 0.596667 0.055556 0.206667
0 0.812222 0.591667 0.033333 0.130000
0 0.826667 0.590000 0.017778 0.073333
0 0.732222 0.503333 0.024444 0.086667
0 0.660000 0.483333 0.026667 0.106667
0 0.745556 0.506667 0.020000 0.073333
0 0.683333 0.506667 0.020000 0.080000
0 0.374444 0.455000 0.033333 0.123333
0 0.321111 0.441667 0.033333 0.130000
0 0.415556 0.451667 0.031111 0.123333
0 0.016667 0.561667 0.033333 0.170000
0 0.328889 0.620000 0.026667 0.106667
0 0.293333 0.533333 0.017778 0.046667
0 0.074444 0.561667 0.024444 0.096667
0 0.094444 0.558333 0.024444 0.083333