0 0.168164 0.537091 0.074609 0.273949
0 0.266602 0.555783 0.083203 0.303154
0 0.353320 0.525701 0.066797 0.245327
0 0.379492 0.585280 0.097266 0.356308
0 0.529297 0.633762 0.117188 0.428738
0 0.456055 0.541180 0.080859 0.296145
0 0.590430 0.560748 0.094922 0.348131
0 0.658594 0.521612 0.077344 0.281542
0 0.730078 0.506425 0.064844 0.235981
0 0.762891 0.598131 0.107031 0.392523
0 0.786133 0.539720 0.083984 0.307243
0 0.843359 0.527453 0.067187 0.246495
0 0.891602 0.502336 0.056641 0.206776
0 0.955664 0.579439 0.088672 0.372664
0 0.971680 0.532710 0.056641 0.282710
0 0.541406 0.426402 0.046875 0.093458
0 0.950586 0.408586 0.017578 0.047313
0 0.939648 0.398364 0.015234 0.035047
0 0.926758 0.393692 0.014453 0.024533
0 0.920898 0.410631 0.018359 0.037383
0 0.897852 0.407710 0.018359 0.043224
0 0.865234 0.409171 0.008594 0.047313
0 0.872266 0.410339 0.015625 0.056659
0 0.826367 0.415012 0.021484 0.050818