0 0.974000 0.582317 0.052000 0.207317
0 0.868000 0.623476 0.080000 0.301829
0 0.811000 0.626524 0.074000 0.283537
0 0.771000 0.612805 0.086000 0.323171
0 0.674000 0.573171 0.064000 0.243902
0 0.022000 0.579268 0.044000 0.207317
0 0.171000 0.565549 0.066000 0.246951
0 0.189000 0.602134 0.082000 0.314024
0 0.312000 0.678354 0.076000 0.289634
0 0.413000 0.597561 0.086000 0.317073
0 0.483000 0.594512 0.078000 0.298780
0 0.521000 0.652439 0.070000 0.262195
0 0.625000 0.603659 0.066000 0.243902
0 0.313000 0.507622 0.042000 0.070122