0 0.047917 0.361702 0.095833 0.413016
0 0.219583 0.423655 0.140833 0.519399
0 0.311250 0.287234 0.080833 0.296621
0 0.349583 0.215269 0.064167 0.237797
0 0.440000 0.246558 0.070000 0.260325
0 0.470417 0.316646 0.097500 0.360451
0 0.545417 0.623279 0.190833 0.698373
0 0.719583 0.414894 0.132500 0.489362
0 0.816250 0.326033 0.095833 0.354193
0 0.861250 0.275344 0.074167 0.275344
0 0.910000 0.217146 0.046667 0.173967
0 0.617500 0.265332 0.075000 0.275344
0 0.690833 0.232165 0.066667 0.244055
0 0.795833 0.213392 0.048333 0.181477
0 0.225417 0.162078 0.037500 0.136421
0 0.088333 0.185857 0.038333 0.143930
0 0.550000 0.211514 0.053333 0.197747
0 0.640000 0.160200 0.031667 0.117647
0 0.920417 0.219024 0.047500 0.177722
0 0.180000 0.183980 0.060000 0.137672
0 0.749167 0.152065 0.018333 0.071339
0 0.015833 0.130163 0.028333 0.100125