0 0.183125 0.703774 0.053750 0.196226
0 0.283125 0.716038 0.061250 0.224528
0 0.360625 0.711321 0.056250 0.207547
0 0.402500 0.714151 0.050000 0.186792
0 0.546875 0.710377 0.048750 0.179245
0 0.570625 0.695283 0.036250 0.133962
0 0.658125 0.720755 0.046250 0.173585
0 0.716250 0.720755 0.037500 0.143396
0 0.840000 0.711321 0.042500 0.158491
0 0.430000 0.711321 0.020000 0.079245
0 0.413750 0.704717 0.022500 0.084906
0 0.333750 0.700943 0.017500 0.069811
0 0.323125 0.701887 0.016250 0.060377
0 0.314375 0.700943 0.016250 0.062264