0 0.025000 0.687013 0.046667 0.179221
0 0.057500 0.676623 0.041667 0.158442
0 0.077500 0.676623 0.041667 0.163636
0 0.102500 0.674026 0.045000 0.168831
0 0.130000 0.683117 0.043333 0.171429
0 0.164167 0.681818 0.048333 0.184416
0 0.203333 0.677922 0.046667 0.176623
0 0.252500 0.666234 0.045000 0.168831
0 0.294167 0.654545 0.048333 0.187013
0 0.311667 0.668831 0.043333 0.168831
0 0.275833 0.654545 0.041667 0.166234
0 0.227500 0.658442 0.038333 0.153247
0 0.833333 0.625974 0.043333 0.171429
0 0.850000 0.633766 0.046667 0.176623
0 0.090000 0.594805 0.016667 0.036364