0 0.134167 0.686250 0.068333 0.257500
0 0.170833 0.690000 0.078333 0.285000
0 0.214167 0.691250 0.095000 0.352500
0 0.250833 0.698750 0.121667 0.447500
0 0.324167 0.686250 0.065000 0.237500
0 0.381667 0.693750 0.073333 0.267500
0 0.460000 0.700000 0.086667 0.315000
0 0.535000 0.702500 0.063333 0.230000
0 0.602500 0.718750 0.105000 0.392500
0 0.622500 0.698750 0.068333 0.257500
0 0.705000 0.705000 0.080000 0.295000
0 0.845000 0.715000 0.090000 0.335000
0 0.921667 0.721250 0.066667 0.247500
0 0.813333 0.712500 0.063333 0.230000
0 0.725833 0.711250 0.021667 0.212500