0 0.133750 0.708022 0.027500 0.106343
0 0.253750 0.746269 0.050000 0.186567
0 0.347500 0.718284 0.037500 0.138060
0 0.171250 0.693097 0.022500 0.083955
0 0.202500 0.687500 0.020000 0.076493
0 0.221250 0.674440 0.015000 0.057836
0 0.558125 0.716418 0.031250 0.115672
0 0.560000 0.699627 0.032500 0.123134
0 0.689375 0.699627 0.023750 0.085821
0 0.704375 0.699627 0.023750 0.093284
0 0.991875 0.687500 0.016250 0.065299
0 0.917500 0.683769 0.015000 0.061567
0 0.863750 0.669776 0.007500 0.026119
0 0.846875 0.681903 0.016250 0.057836
0 0.781250 0.681903 0.015000 0.061567
0 0.711875 0.682836 0.018750 0.067164
0 0.728750 0.686567 0.017500 0.067164
0 0.806250 0.678172 0.010000 0.042910
0 0.956875 0.810634 0.063750 0.139925
0 0.829375 0.763993 0.046250 0.091418
0 0.744375 0.782649 0.033750 0.136194
0 0.775000 0.728545 0.027500 0.050373
0 0.803125 0.720149 0.016250 0.037313
0 0.869375 0.719216 0.038750 0.054104
0 0.932500 0.720149 0.022500 0.048507