0 0.502917 0.512266 0.004167 0.017316
0 0.989583 0.609668 0.020833 0.113997
0 0.974167 0.585137 0.018333 0.082251
0 0.964583 0.577922 0.014167 0.064935
0 0.929167 0.580087 0.016667 0.075036
0 0.912083 0.593074 0.019167 0.083694
0 0.900417 0.627706 0.027500 0.118326
0 0.966667 0.845599 0.066667 0.300144
0 0.977500 0.755411 0.045000 0.246753
0 0.861250 0.760462 0.057500 0.242424
0 0.802500 0.850649 0.068333 0.292929
0 0.731667 0.766234 0.055000 0.233766
0 0.760833 0.694084 0.038333 0.164502
0 0.805417 0.653680 0.034167 0.147186
0 0.835000 0.626263 0.025000 0.109668
0 0.866250 0.688312 0.042500 0.184704
0 0.888333 0.656566 0.035000 0.147186
0 0.670417 0.699856 0.039167 0.164502
0 0.725833 0.667388 0.031667 0.137085
0 0.768333 0.629870 0.025000 0.111111
0 0.740417 0.619769 0.027500 0.116883
0 0.777500 0.601732 0.020000 0.089466
0 0.808750 0.577201 0.012500 0.057720
0 0.866667 0.621212 0.026667 0.116883
0 0.956667 0.647186 0.021667 0.090909
0 0.848333 0.568543 0.011667 0.051948
0 0.824167 0.550505 0.005000 0.024531
0 0.692917 0.628427 0.024167 0.102453
0 0.680417 0.626984 0.025833 0.108225
0 0.721250 0.610390 0.024167 0.103896
0 0.645000 0.667388 0.033333 0.142857
0 0.597083 0.776335 0.060833 0.259740
0 0.574167 0.699856 0.040000 0.170274
0 0.561667 0.670274 0.033333 0.142857
0 0.631250 0.648629 0.029167 0.125541
0 0.615000 0.629149 0.026667 0.112554
0 0.606667 0.618326 0.023333 0.102453
0 0.702917 0.585137 0.014167 0.064935
0 0.445000 0.831890 0.075000 0.321789
0 0.464167 0.765512 0.055000 0.235209
0 0.473333 0.704185 0.033333 0.144300
0 0.478750 0.677489 0.032500 0.139971
0 0.487500 0.649351 0.026667 0.115440
0 0.494583 0.637807 0.024167 0.101010
0 0.498333 0.627706 0.025000 0.106782
0 0.342083 0.769120 0.062500 0.265512
0 0.393750 0.702742 0.035833 0.155844
0 0.409583 0.660173 0.029167 0.122655
0 0.421250 0.630592 0.017500 0.077922
0 0.432083 0.624098 0.019167 0.082251
0 0.283333 0.837662 0.073333 0.313131
0 0.126667 0.857864 0.060000 0.258297
0 0.219583 0.776335 0.050833 0.219336
0 0.129583 0.700577 0.034167 0.148629
0 0.094167 0.775613 0.058333 0.246753
0 0.040833 0.712843 0.035000 0.147186
0 0.155000 0.655844 0.030000 0.125541
0 0.175833 0.672439 0.033333 0.141414
0 0.247917 0.673882 0.027500 0.115440
0 0.301667 0.702742 0.033333 0.144300
0 0.355833 0.658730 0.028333 0.122655
0 0.300833 0.628427 0.016667 0.073593
0 0.274167 0.637807 0.016667 0.072150
0 0.215000 0.624820 0.011667 0.054834
0 0.202500 0.665945 0.015000 0.062049
0 0.131250 0.648629 0.020833 0.088023
0 0.072500 0.644300 0.018333 0.082251
0 0.105833 0.663781 0.023333 0.103896
0 0.047083 0.596681 0.010833 0.050505
0 0.058333 0.614719 0.015000 0.063492
0 0.047500 0.683983 0.028333 0.124098
0 0.132083 0.608947 0.015833 0.072150
0 0.088750 0.601732 0.010833 0.049062
0 0.247500 0.608225 0.008333 0.038961
0 0.339167 0.667388 0.028333 0.122655
0 0.019167 0.638528 0.021667 0.096681
0 0.370417 0.642136 0.022500 0.098124
0 0.382917 0.599567 0.009167 0.041847
0 0.322083 0.606782 0.009167 0.038961
0 0.181250 0.604618 0.005833 0.028860
0 0.395417 0.596681 0.010833 0.050505
0 0.592083 0.601010 0.019167 0.082251
0 0.598750 0.609668 0.020833 0.090909
0 0.376667 0.567100 0.005000 0.023088
0 0.367917 0.568543 0.010833 0.020202
0 0.353750 0.577201 0.010833 0.020202
0 0.340417 0.562049 0.009167 0.015873
0 0.350833 0.560606 0.010000 0.015873
0 0.021667 0.883838 0.041667 0.215007