0 0.381605 0.813783 0.058708 0.219941
0 0.447162 0.724340 0.037182 0.146628
0 0.468689 0.700880 0.037182 0.140762
0 0.486301 0.689150 0.037182 0.140762
0 0.500978 0.670088 0.035225 0.131965
0 0.529354 0.722874 0.041096 0.149560
0 0.565558 0.730205 0.046967 0.175953
0 0.632094 0.724340 0.039139 0.146628
0 0.742661 0.715543 0.037182 0.146628
0 0.778865 0.734604 0.043053 0.167155
0 0.841487 0.719941 0.043053 0.161290
0 0.965753 0.722874 0.041096 0.155425
0 0.273973 0.717009 0.039139 0.143695
0 0.296477 0.699413 0.033268 0.131965
0 0.321918 0.687683 0.033268 0.126100
0 0.337573 0.675953 0.037182 0.137830
0 0.231898 0.678886 0.033268 0.120235
0 0.197652 0.699413 0.035225 0.126100
0 0.180039 0.724340 0.043053 0.164223
0 0.251468 0.665689 0.033268 0.129032
0 0.138943 0.678886 0.031311 0.120235
0 0.106654 0.697947 0.033268 0.123167
0 0.076321 0.709677 0.035225 0.129032
0 0.050881 0.693548 0.035225 0.131965
0 0.015656 0.711144 0.031311 0.126100
0 0.399217 0.693548 0.035225 0.137830
0 0.418787 0.670088 0.035225 0.131965