0 0.033962 0.917847 0.037736 0.147309
0 0.031132 0.791785 0.032075 0.116147
0 0.248113 0.762040 0.028302 0.101983
0 0.359434 0.861190 0.039623 0.152975
0 0.331132 0.821530 0.028302 0.113314
0 0.364151 0.780453 0.022642 0.093484
0 0.479245 0.756374 0.018868 0.079320
0 0.604717 0.827195 0.032075 0.124646
0 0.579245 0.800283 0.037736 0.138810
0 0.530189 0.773371 0.018868 0.079320
0 0.800943 0.837110 0.039623 0.150142
0 0.781132 0.766289 0.026415 0.099150
0 0.770755 0.725212 0.020755 0.079320
0 0.708491 0.716714 0.028302 0.169972
0 0.917925 0.949008 0.047170 0.073654
0 0.875472 0.970255 0.033962 0.042493