0 0.041818 0.501196 0.065455 0.212919
0 0.027273 0.503589 0.054545 0.227273
0 0.247273 0.522727 0.090909 0.289474
0 0.387273 0.521531 0.080000 0.263158
0 0.487273 0.479665 0.061818 0.198565
0 0.730909 0.485646 0.058182 0.191388
0 0.834545 0.427033 0.040000 0.131579
0 0.798182 0.440191 0.032727 0.110048
0 0.770000 0.424641 0.030909 0.102871
0 0.606364 0.403110 0.030909 0.107656
0 0.903636 0.473684 0.058182 0.186603
0 0.855455 0.417464 0.027273 0.088517
0 0.875455 0.404306 0.027273 0.090909
0 0.190000 0.467703 0.056364 0.078947
0 0.906364 0.497608 0.121818 0.157895
0 0.432727 0.510766 0.072727 0.165072