0 0.169167 0.543750 0.035000 0.127500
0 0.127500 0.537500 0.035000 0.130000
0 0.340833 0.548750 0.021667 0.087500
0 0.410000 0.566250 0.043333 0.167500
0 0.383333 0.547500 0.023333 0.095000
0 0.580833 0.576250 0.031667 0.117500
0 0.630833 0.570000 0.025000 0.100000
0 0.531667 0.576250 0.026667 0.102500
0 0.479167 0.570000 0.028333 0.105000
0 0.740000 0.571250 0.023333 0.087500
0 0.801667 0.575000 0.020000 0.075000
0 0.822500 0.575000 0.021667 0.085000
0 0.990000 0.558750 0.016667 0.062500
0 0.924167 0.568750 0.011667 0.047500
0 0.895833 0.563750 0.011667 0.047500
0 0.880000 0.562500 0.010000 0.045000