0 0.159000 0.518018 0.254000 0.933934
0 0.488000 0.570571 0.228000 0.834835
0 0.722000 0.527027 0.180000 0.669670
0 0.813000 0.492492 0.138000 0.510511
0 0.899000 0.468468 0.118000 0.432432
0 0.956000 0.444444 0.088000 0.384384
0 0.303000 0.459459 0.186000 0.678679
0 0.427000 0.456456 0.114000 0.420420
0 0.368000 0.424925 0.108000 0.399399
0 0.578000 0.412913 0.100000 0.363363
0 0.637000 0.457958 0.110000 0.411411
0 0.613000 0.402402 0.094000 0.348348
0 0.775000 0.421922 0.118000 0.441441
0 0.226000 0.277778 0.040000 0.123123
0 0.528000 0.261261 0.056000 0.174174