0 0.017000 0.514667 0.034000 0.160000
0 0.033000 0.516000 0.042000 0.146667
0 0.061000 0.518667 0.042000 0.141333
0 0.101000 0.506667 0.046000 0.149333
0 0.126000 0.501333 0.040000 0.133333
0 0.148000 0.510667 0.040000 0.136000
0 0.171000 0.505333 0.042000 0.141333
0 0.213000 0.490667 0.038000 0.128000
0 0.192000 0.506667 0.040000 0.133333
0 0.226000 0.493333 0.040000 0.133333
0 0.265000 0.498667 0.042000 0.138667
0 0.300000 0.496000 0.040000 0.138667
0 0.328000 0.494667 0.040000 0.136000
0 0.282000 0.770667 0.072000 0.234667
0 0.442000 0.668000 0.116000 0.386667
0 0.344000 0.489333 0.040000 0.136000
0 0.357000 0.501333 0.034000 0.117333
0 0.383000 0.481333 0.030000 0.104000
0 0.399000 0.462667 0.034000 0.109333
0 0.488000 0.485333 0.036000 0.117333
0 0.070000 0.504000 0.044000 0.144000
0 0.528000 0.534667 0.088000 0.285333
0 0.461000 0.485333 0.038000 0.128000
0 0.657000 0.688000 0.082000 0.272000
0 0.751000 0.669333 0.086000 0.282667
0 0.942000 0.641333 0.116000 0.616000
0 0.554000 0.477333 0.032000 0.112000
0 0.573000 0.472000 0.030000 0.096000
0 0.613000 0.436000 0.014000 0.045333
0 0.640000 0.470667 0.032000 0.109333
0 0.656000 0.468000 0.032000 0.109333
0 0.708000 0.476000 0.028000 0.093333
0 0.790000 0.450667 0.028000 0.096000
0 0.832000 0.410667 0.008000 0.026667
0 0.844000 0.412000 0.008000 0.029333
0 0.750000 0.421333 0.012000 0.037333
0 0.691000 0.466667 0.030000 0.101333
0 0.251000 0.497333 0.042000 0.136000
0 0.152000 0.500000 0.044000 0.146667
0 0.769000 0.489333 0.026000 0.050667
0 0.751000 0.466667 0.014000 0.021333
0 0.728000 0.489333 0.028000 0.061333