0 0.346693 0.800305 0.056112 0.216463
0 0.395792 0.818598 0.058116 0.222561
0 0.216433 0.780488 0.028056 0.115854
0 0.430862 0.774390 0.024048 0.091463
0 0.543086 0.763720 0.020040 0.076220
0 0.553106 0.753049 0.016032 0.060976
0 0.646293 0.769817 0.026052 0.106707
0 0.745491 0.792683 0.028056 0.109756
0 0.873747 0.844512 0.048096 0.182927
0 0.702405 0.797256 0.026052 0.106707
0 0.801603 0.765244 0.012024 0.054878
0 0.977956 0.826220 0.044088 0.182927
0 0.677355 0.777439 0.028056 0.109756
0 0.600200 0.797256 0.034068 0.137195
0 0.517034 0.849085 0.036072 0.131098
0 0.525050 0.804878 0.048096 0.176829
0 0.306613 0.820122 0.056112 0.207317
0 0.447896 0.754573 0.014028 0.057927
0 0.828657 0.794207 0.030060 0.118902