0 0.115714 0.787778 0.085714 0.331111
0 0.149286 0.694444 0.047143 0.180000
0 0.360000 0.725556 0.062857 0.246667
0 0.278571 0.733333 0.054286 0.204444
0 0.266429 0.714444 0.047143 0.180000
0 0.505714 0.804444 0.097143 0.373333
0 0.720000 0.732222 0.062857 0.246667
0 0.860714 0.710000 0.032857 0.131111
0 0.845714 0.724444 0.034286 0.137778
0 0.403571 0.690000 0.032857 0.131111
0 0.410000 0.710000 0.028571 0.108889
0 0.427143 0.700000 0.034286 0.137778
0 0.443571 0.697778 0.035714 0.137778
0 0.455714 0.698889 0.037143 0.144444
0 0.195000 0.708889 0.052857 0.208889
0 0.922143 0.775556 0.072857 0.280000
0 0.940000 0.767778 0.071429 0.268889
0 0.053571 0.830000 0.107143 0.326667
0 0.067857 0.644444 0.024286 0.093333
0 0.097857 0.653333 0.044286 0.088889
0 0.292857 0.691111 0.025714 0.084444
0 0.169286 0.664444 0.041429 0.102222
0 0.555000 0.725556 0.064286 0.144444
0 0.575000 0.701111 0.041429 0.153333
0 0.642143 0.727778 0.087143 0.180000
0 0.645000 0.694444 0.064286 0.153333
0 0.433571 0.811111 0.070000 0.115556
0 0.379286 0.766667 0.030000 0.071111
0 0.380714 0.690000 0.027143 0.095556
0 0.777857 0.738889 0.052857 0.122222
0 0.981429 0.725556 0.031429 0.166667