0 0.076250 0.409006 0.042500 0.153846
0 0.131875 0.385553 0.058750 0.215760
0 0.203125 0.376173 0.063750 0.238274
0 0.261250 0.426829 0.035000 0.129456
0 0.336875 0.424953 0.036250 0.133208
0 0.319375 0.442777 0.028750 0.105066
0 0.406875 0.416510 0.041250 0.157598
0 0.386875 0.440901 0.026250 0.101313
0 0.468750 0.447467 0.022500 0.080675
0 0.491250 0.428705 0.032500 0.121951
0 0.520000 0.404315 0.047500 0.174484
0 0.537500 0.440901 0.027500 0.101313
0 0.591875 0.416510 0.041250 0.153846
0 0.610625 0.439024 0.031250 0.112570
0 0.684375 0.391182 0.058750 0.219512
0 0.720625 0.421201 0.038750 0.144465
0 0.808750 0.440901 0.027500 0.105066
0 0.728750 0.428705 0.032500 0.118199
0 0.869375 0.397749 0.051250 0.191370
0 0.915625 0.441839 0.028750 0.110694
0 0.969375 0.443715 0.026250 0.099437
0 0.114375 0.450281 0.021250 0.086304
0 0.011875 0.411820 0.023750 0.050657
0 0.425000 0.473734 0.020000 0.050657
0 0.450625 0.471857 0.026250 0.046904