0 0.805417 0.629375 0.015833 0.058750
0 0.817083 0.634375 0.015833 0.058750
0 0.858333 0.625000 0.011667 0.045000
0 0.866667 0.623750 0.011667 0.047500
0 0.075833 0.777500 0.115000 0.200000
0 0.104583 0.684375 0.067500 0.106250
0 0.167083 0.701875 0.049167 0.123750
0 0.181667 0.632500 0.021667 0.050000
0 0.287500 0.679375 0.050000 0.078750
0 0.316250 0.741875 0.059167 0.143750
0 0.436667 0.714375 0.060000 0.138750
0 0.506250 0.688750 0.045833 0.112500
0 0.541250 0.702500 0.037500 0.125000
0 0.809583 0.675625 0.030833 0.056250
0 0.828333 0.670625 0.025000 0.048750
0 0.852500 0.671875 0.025000 0.053750
0 0.894167 0.666875 0.033333 0.073750
0 0.928750 0.656875 0.017500 0.056250
0 0.942083 0.650625 0.017500 0.043750
0 0.959583 0.651875 0.017500 0.056250