0 0.075000 0.359722 0.043333 0.175000
0 0.116667 0.318056 0.033333 0.141667
0 0.148333 0.329167 0.040000 0.169444
0 0.195000 0.358333 0.043333 0.183333
0 0.055833 0.297222 0.021667 0.088889
0 0.319167 0.352778 0.048333 0.194444
0 0.344167 0.334722 0.038333 0.158333
0 0.361667 0.313889 0.030000 0.127778
0 0.383333 0.313889 0.026667 0.111111
0 0.397500 0.295833 0.031667 0.136111
0 0.432500 0.366667 0.045000 0.183333
0 0.568333 0.343056 0.030000 0.125000
0 0.681667 0.338889 0.026667 0.111111
0 0.725833 0.358333 0.025000 0.111111
0 0.820833 0.330556 0.021667 0.088889
0 0.880833 0.362500 0.028333 0.113889
0 0.946667 0.344444 0.023333 0.100000
0 0.049167 0.831944 0.028333 0.125000
0 0.112500 0.858333 0.041667 0.177778
0 0.152500 0.822222 0.031667 0.138889
0 0.251667 0.843056 0.043333 0.175000
0 0.267500 0.825000 0.035000 0.144444
0 0.335000 0.819444 0.036667 0.150000
0 0.406667 0.819444 0.033333 0.133333
0 0.422500 0.847222 0.041667 0.172222
0 0.459167 0.812500 0.035000 0.147222
0 0.553333 0.880556 0.033333 0.138889
0 0.594167 0.852778 0.031667 0.133333
0 0.618333 0.841667 0.030000 0.127778
0 0.633333 0.826389 0.020000 0.086111
0 0.644167 0.823611 0.021667 0.097222
0 0.695000 0.826389 0.020000 0.086111
0 0.714167 0.834722 0.025000 0.108333
0 0.750833 0.850000 0.031667 0.127778
0 0.775833 0.840278 0.028333 0.113889
0 0.808333 0.822222 0.023333 0.094444
0 0.850000 0.819444 0.020000 0.088889
0 0.863333 0.827778 0.023333 0.105556
0 0.886667 0.838889 0.026667 0.116667
0 0.909167 0.850000 0.031667 0.127778
0 0.951667 0.872222 0.040000 0.161111