0 0.862727 0.731214 0.125455 0.497110
0 0.741818 0.705202 0.127273 0.502890
0 0.660000 0.679191 0.120000 0.462428
0 0.585455 0.676301 0.112727 0.445087
0 0.521818 0.658960 0.109091 0.433526
0 0.456364 0.648844 0.109091 0.424855
0 0.413636 0.641618 0.110909 0.427746
0 0.352727 0.635838 0.105455 0.410405
0 0.301818 0.618497 0.098182 0.381503
0 0.267273 0.617052 0.090909 0.355491
0 0.236364 0.612717 0.090909 0.352601
0 0.196364 0.614162 0.080000 0.320809
0 0.175455 0.598266 0.078182 0.300578
0 0.155455 0.604046 0.078182 0.306358
0 0.130000 0.595376 0.078182 0.300578
0 0.109091 0.591040 0.069091 0.274566
0 0.048182 0.544798 0.089091 0.343931
0 0.207273 0.434971 0.043636 0.101156
0 0.258182 0.427746 0.040000 0.092486
0 0.440000 0.433526 0.036364 0.092486
0 0.377273 0.456647 0.049091 0.104046
0 0.319091 0.443642 0.034545 0.101156
0 0.530000 0.442197 0.038182 0.115607
0 0.611818 0.456647 0.056364 0.150289
0 0.756364 0.440751 0.083636 0.187861
0 0.862727 0.459538 0.107273 0.219653