0 0.039000 0.792727 0.026000 0.123636
0 0.062000 0.780000 0.024000 0.105455
0 0.083000 0.809091 0.022000 0.105455
0 0.126000 0.807273 0.028000 0.123636
0 0.170000 0.812727 0.028000 0.127273
0 0.213000 0.810909 0.022000 0.109091
0 0.252000 0.825455 0.028000 0.123636
0 0.293000 0.814545 0.030000 0.138182
0 0.337000 0.825455 0.026000 0.123636
0 0.375000 0.821818 0.030000 0.130909
0 0.456000 0.810909 0.028000 0.130909
0 0.553000 0.814545 0.026000 0.123636
0 0.588000 0.830909 0.024000 0.120000
0 0.628000 0.825455 0.028000 0.123636
0 0.688000 0.829091 0.020000 0.101818
0 0.748000 0.818182 0.020000 0.101818
0 0.801000 0.823636 0.018000 0.090909
0 0.839000 0.821818 0.022000 0.109091
0 0.883000 0.823636 0.026000 0.112727
0 0.926000 0.830909 0.020000 0.098182
0 0.963000 0.896364 0.030000 0.134545
0 0.982000 0.890909 0.028000 0.123636
0 0.967000 0.783636 0.018000 0.090909