0 0.266112 0.845833 0.091476 0.178333
0 0.630977 0.900000 0.068607 0.140000
0 0.893971 0.780000 0.074844 0.146667
0 0.593555 0.772500 0.068607 0.138333
0 0.667360 0.746667 0.070686 0.143333
0 0.455301 0.710000 0.066528 0.130000
0 0.103950 0.625000 0.058212 0.116667
0 0.058212 0.630000 0.049896 0.103333
0 0.345114 0.592500 0.045738 0.095000
0 0.211019 0.906667 0.068607 0.140000
0 0.029106 0.600833 0.054054 0.108333
0 0.088358 0.726667 0.056133 0.113333
0 0.870062 0.560833 0.039501 0.081667
0 0.877339 0.555000 0.045738 0.093333
0 0.837838 0.542500 0.049896 0.101667
0 0.435551 0.463333 0.035343 0.073333
0 0.418919 0.458333 0.031185 0.066667
0 0.062370 0.418333 0.033264 0.070000
0 0.205821 0.484167 0.037422 0.075000
0 0.377339 0.800833 0.060291 0.065000
0 0.706861 0.713333 0.020790 0.063333
0 0.762994 0.619167 0.045738 0.048333
0 0.609148 0.577500 0.041580 0.051667
0 0.719335 0.468333 0.037422 0.040000
0 0.017672 0.377500 0.031185 0.035000
0 0.104990 0.359167 0.035343 0.035000
0 0.201663 0.371667 0.033264 0.030000
0 0.219335 0.503333 0.035343 0.030000
0 0.389813 0.368333 0.039501 0.036667
0 0.443867 0.370000 0.035343 0.016667
0 0.598753 0.369167 0.033264 0.035000
0 0.673597 0.392500 0.041580 0.048333
0 0.749480 0.410833 0.031185 0.028333
0 0.889813 0.402500 0.033264 0.048333
0 0.784823 0.365833 0.031185 0.038333
0 0.915800 0.354167 0.043659 0.031667