0 0.313043 0.771242 0.121739 0.448802
0 0.155797 0.659041 0.065217 0.246187
0 0.239130 0.752723 0.110145 0.407407
0 0.576087 0.762527 0.120290 0.440087
0 0.723188 0.758170 0.124638 0.457516
0 0.468116 0.708061 0.101449 0.374728
0 0.357971 0.668845 0.081159 0.300654
0 0.534783 0.604575 0.040580 0.154684
0 0.624638 0.620915 0.040580 0.152505
0 0.768841 0.636166 0.047826 0.183007
0 0.413043 0.606754 0.037681 0.137255
0 0.401449 0.596950 0.028986 0.108932
0 0.605797 0.608932 0.034783 0.128540
0 0.202174 0.576253 0.030435 0.067538
0 0.284058 0.563181 0.037681 0.054466
0 0.233333 0.535948 0.031884 0.043573