0 0.103333 0.555000 0.120000 0.440000
0 0.526667 0.505000 0.083333 0.305000
0 0.554167 0.493750 0.081667 0.307500
0 0.595833 0.493750 0.071667 0.267500
0 0.630000 0.488750 0.063333 0.232500
0 0.689167 0.445000 0.038333 0.140000
0 0.325000 0.493750 0.073333 0.267500
0 0.266667 0.518750 0.070000 0.262500
0 0.035833 0.453750 0.061667 0.232500
0 0.507500 0.415000 0.021667 0.085000
0 0.495000 0.421250 0.020000 0.072500
0 0.485000 0.423750 0.020000 0.077500
0 0.802500 0.527500 0.098333 0.360000
0 0.947500 0.552500 0.105000 0.455000
0 0.775833 0.415000 0.018333 0.065000
0 0.190000 0.561250 0.113333 0.232500
0 0.018333 0.497500 0.033333 0.255000
0 0.070000 0.407500 0.033333 0.145000
0 0.135000 0.397500 0.050000 0.075000
0 0.171667 0.386250 0.026667 0.057500
0 0.434167 0.578750 0.125000 0.342500
0 0.467500 0.432500 0.011667 0.090000