0 0.819058 0.893293 0.053533 0.182927
0 0.761242 0.859756 0.036403 0.128049
0 0.711991 0.856707 0.049251 0.176829
0 0.691649 0.873476 0.047109 0.161585
0 0.650964 0.870427 0.047109 0.173780
0 0.583512 0.899390 0.049251 0.176829
0 0.639186 0.907012 0.040685 0.149390
0 0.688437 0.928354 0.032120 0.118902
0 0.759101 0.914634 0.040685 0.146341
0 0.170236 0.897866 0.049251 0.173780
0 0.080300 0.903963 0.044968 0.161585
0 0.120985 0.833841 0.053533 0.185976
0 0.099572 0.771341 0.049251 0.176829
0 0.065310 0.817073 0.053533 0.182927
0 0.505353 0.650915 0.042827 0.149390
0 0.474304 0.667683 0.044968 0.158537
0 0.446467 0.675305 0.040685 0.143293
0 0.412206 0.679878 0.044968 0.158537
0 0.377944 0.690549 0.036403 0.125000
0 0.354390 0.693598 0.040685 0.143293
0 0.312634 0.705793 0.038544 0.131098
0 0.283726 0.701220 0.040685 0.146341
0 0.248394 0.704268 0.038544 0.140244
0 0.100642 0.492378 0.034261 0.125000
0 0.040685 0.440549 0.034261 0.118902
0 0.078158 0.423780 0.036403 0.128049
0 0.097430 0.370427 0.036403 0.131098
0 0.038544 0.367378 0.029979 0.106707
0 0.139186 0.245427 0.021413 0.076220
0 0.225910 0.216463 0.023555 0.085366
0 0.315846 0.254573 0.027837 0.094512
0 0.470021 0.410061 0.032120 0.118902
0 0.441113 0.405488 0.034261 0.128049
0 0.411135 0.403963 0.025696 0.100610
0 0.386510 0.403963 0.027837 0.100610
0 0.262313 0.196646 0.027837 0.094512
0 0.211991 0.213415 0.017131 0.067073
0 0.193790 0.207317 0.014989 0.054878
0 0.632762 0.269817 0.023555 0.082317
0 0.610278 0.262195 0.025696 0.091463