0 0.027500 0.578125 0.050000 0.227679
0 0.067500 0.591518 0.065000 0.290179
0 0.101250 0.555804 0.042500 0.200893
0 0.130000 0.676339 0.095000 0.424107
0 0.172500 0.566964 0.060000 0.258929
0 0.238750 0.618304 0.077500 0.343750
0 0.310000 0.595982 0.065000 0.290179
0 0.361250 0.571429 0.052500 0.232143
0 0.415000 0.435268 0.005000 0.031250
0 0.466250 0.667411 0.102500 0.450893
0 0.503750 0.761161 0.007500 0.040179
0 0.527500 0.562500 0.060000 0.267857
0 0.537500 0.546875 0.050000 0.218750
0 0.672500 0.611607 0.085000 0.375000
0 0.681250 0.658482 0.102500 0.459821
0 0.968750 0.660714 0.062500 0.455357
0 0.902500 0.622768 0.075000 0.343750
0 0.866250 0.591518 0.067500 0.299107
0 0.831250 0.569196 0.052500 0.245536
0 0.800000 0.549107 0.050000 0.223214