0 0.077500 0.621667 0.155000 0.535333
0 0.125500 0.509667 0.091000 0.296667
0 0.194500 0.574333 0.132000 0.431333
0 0.293000 0.530667 0.112000 0.365333
0 0.386250 0.547333 0.132500 0.432000
0 0.485750 0.539000 0.111500 0.363333
0 0.451000 0.525000 0.103000 0.336667
0 0.540000 0.523000 0.088000 0.286000
0 0.637750 0.527333 0.100500 0.328000
0 0.781500 0.496333 0.076000 0.247333
0 0.864250 0.536000 0.107500 0.349333
0 0.915750 0.626667 0.168500 0.570667
0 0.017500 0.401333 0.035000 0.106667
0 0.090500 0.619000 0.130000 0.462000
0 0.130250 0.387000 0.051500 0.076667
0 0.251250 0.511333 0.054500 0.305333
0 0.345000 0.505333 0.051000 0.296000
0 0.413000 0.543667 0.077000 0.366000