0 0.251331 0.524760 0.110756 0.404153
0 0.281150 0.478435 0.046858 0.170927
0 0.317891 0.489617 0.052183 0.190096
0 0.381257 0.565495 0.161874 0.594249
0 0.355698 0.480831 0.055378 0.201278
0 0.552183 0.562300 0.124601 0.456869
0 0.616081 0.598243 0.165069 0.605431
0 0.650160 0.515176 0.088392 0.324281
0 0.707668 0.535144 0.116081 0.424920
0 0.781683 0.519968 0.106496 0.388179
0 0.806709 0.482428 0.073482 0.268371
0 0.835996 0.480032 0.083067 0.305112
0 0.880192 0.453674 0.073482 0.274760
0 0.952077 0.541534 0.095847 0.396166
0 0.943024 0.454473 0.082002 0.305112
0 0.892971 0.458466 0.060703 0.223642
0 0.918530 0.465655 0.058573 0.218850
0 0.656550 0.381789 0.018104 0.060703
0 0.634718 0.285942 0.014909 0.015974
0 0.671459 0.393770 0.022364 0.036741
0 0.673589 0.373802 0.018104 0.019169
0 0.744941 0.376997 0.026624 0.070288
0 0.817359 0.354633 0.033014 0.063898
0 0.933972 0.351438 0.014909 0.025559
0 0.989350 0.359425 0.021299 0.076677
0 0.688498 0.390575 0.022364 0.033546
0 0.767838 0.365016 0.017039 0.059105
0 0.318424 0.420927 0.010650 0.014377