0 0.573438 0.491667 0.103125 0.341667
0 0.602344 0.388542 0.054688 0.177083
0 0.064062 0.789583 0.128125 0.283333
0 0.332813 0.765625 0.125000 0.289583
0 0.185938 0.611458 0.093750 0.156250
0 0.224219 0.564583 0.064062 0.125000
0 0.280469 0.523958 0.057813 0.085417
0 0.378906 0.596875 0.076563 0.160417
0 0.417187 0.501042 0.050000 0.102083
0 0.500000 0.502083 0.037500 0.104167
0 0.529687 0.551042 0.059375 0.122917
0 0.615625 0.652083 0.100000 0.191667
0 0.670312 0.562500 0.059375 0.137500
0 0.615625 0.498958 0.037500 0.089583
0 0.757812 0.634375 0.090625 0.177083
0 0.757812 0.520833 0.056250 0.112500
0 0.832031 0.565625 0.117188 0.164583
0 0.873437 0.497917 0.075000 0.116667
0 0.793750 0.451042 0.043750 0.085417