0 0.028369 0.594415 0.056738 0.380319
0 0.092199 0.607713 0.095745 0.359043
0 0.169326 0.614362 0.097518 0.361702
0 0.244681 0.617021 0.099291 0.361702
0 0.322695 0.611702 0.099291 0.361702
0 0.394504 0.613032 0.093972 0.353723
0 0.469858 0.614362 0.099291 0.367021
0 0.531028 0.650266 0.143617 0.523936
0 0.659574 0.623670 0.102837 0.375000
0 0.744681 0.618351 0.099291 0.369681
0 0.815603 0.627660 0.099291 0.367021
0 0.894504 0.622340 0.101064 0.372340
0 0.963652 0.627660 0.072695 0.372340
0 0.510638 0.285904 0.021277 0.077128
0 0.489362 0.283245 0.021277 0.087766
0 0.469858 0.281915 0.021277 0.079787
0 0.449468 0.276596 0.023050 0.090426
0 0.315603 0.276596 0.021277 0.085106
0 0.298759 0.277926 0.023050 0.087766
0 0.278369 0.275266 0.021277 0.087766
0 0.251773 0.275266 0.024823 0.093085
0 0.228723 0.276596 0.021277 0.079787
0 0.209220 0.271277 0.021277 0.079787
0 0.028369 0.267287 0.021277 0.082447
0 0.599291 0.678191 0.060284 0.132979
0 0.701241 0.670213 0.037234 0.164894
0 0.126773 0.364362 0.030142 0.037234
0 0.329787 0.375000 0.031915 0.031915
0 0.370567 0.376330 0.035461 0.039894
0 0.395390 0.378989 0.031915 0.039894
0 0.434397 0.375000 0.031915 0.037234
0 0.568262 0.394947 0.033688 0.045213
0 0.007092 0.256649 0.010638 0.045213
0 0.064716 0.252660 0.030142 0.031915
0 0.193262 0.246011 0.014184 0.029255
0 0.782801 0.285904 0.023050 0.034574
0 0.813830 0.288564 0.014184 0.029255