0 0.712037 0.173148 0.112963 0.279630
0 0.754630 0.179630 0.112963 0.281481
0 0.828704 0.175000 0.116667 0.290741
0 0.883333 0.173148 0.118519 0.294444
0 0.947222 0.175000 0.105556 0.279630
0 0.607407 0.538889 0.051852 0.133333
0 0.703704 0.537037 0.055556 0.137037
0 0.151852 0.562963 0.062963 0.159259
0 0.100000 0.560185 0.055556 0.142593
0 0.201852 0.567593 0.062963 0.153704
0 0.246296 0.562037 0.062963 0.157407
0 0.035185 0.565741 0.055556 0.138889
0 0.072222 0.819444 0.074074 0.183333
0 0.188889 0.817593 0.066667 0.164815
0 0.337963 0.835185 0.079630 0.196296
0 0.488889 0.834259 0.074074 0.183333
0 0.585185 0.825000 0.074074 0.187037
0 0.748148 0.845370 0.081481 0.201852
0 0.797222 0.837037 0.090741 0.222222
0 0.899074 0.868519 0.101852 0.251852
0 0.862963 0.867593 0.096296 0.235185
0 0.831481 0.875926 0.085185 0.214815
0 0.121296 0.189815 0.220370 0.224074
0 0.350000 0.195370 0.240741 0.238889
0 0.567593 0.183333 0.190741 0.292593
0 0.009259 0.517593 0.018519 0.046296