0 0.045283 0.446176 0.022642 0.082153
0 0.063208 0.437677 0.020755 0.082153
0 0.083962 0.450425 0.024528 0.096317
0 0.109434 0.467422 0.045283 0.164306
0 0.135849 0.458924 0.033962 0.130312
0 0.192453 0.502833 0.067925 0.246459
0 0.361321 0.552408 0.096226 0.356941
0 0.402830 0.512748 0.077358 0.288952
0 0.260377 0.443343 0.030189 0.110482
0 0.293396 0.433428 0.016981 0.067989
0 0.273585 0.430595 0.018868 0.073654
0 0.536792 0.470255 0.043396 0.164306
0 0.673585 0.492918 0.079245 0.294618
0 0.737736 0.485836 0.060377 0.223796
0 0.951887 0.504249 0.069811 0.260623
0 0.911321 0.487252 0.052830 0.203966
0 0.459434 0.416431 0.032075 0.050992
0 0.485849 0.481586 0.035849 0.084986
0 0.015094 0.675637 0.030189 0.263456