0 0.032639 0.794444 0.065278 0.388889
0 0.162500 0.804630 0.113889 0.375926
0 0.454861 0.787963 0.123611 0.401852
0 0.727778 0.806481 0.108333 0.357407
0 0.052083 0.643519 0.037500 0.124074
0 0.098611 0.634259 0.036111 0.120370
0 0.074306 0.617593 0.034722 0.116667
0 0.107639 0.622222 0.034722 0.111111
0 0.025000 0.622222 0.033333 0.107407
0 0.211806 0.640741 0.040278 0.129630
0 0.259722 0.641667 0.030556 0.101852
0 0.302778 0.628704 0.033333 0.112963
0 0.320833 0.643519 0.033333 0.109259
0 0.357639 0.638889 0.034722 0.111111
0 0.507639 0.637037 0.026389 0.092593
0 0.227778 0.614815 0.030556 0.103704
0 0.575000 0.634259 0.030556 0.105556
0 0.615972 0.637963 0.026389 0.090741
0 0.668056 0.639815 0.030556 0.101852
0 0.756944 0.636111 0.030556 0.098148
0 0.795139 0.635185 0.031944 0.103704
0 0.834722 0.634259 0.027778 0.094444
0 0.895833 0.632407 0.027778 0.090741
0 0.947917 0.638889 0.029167 0.096296
0 0.984028 0.638889 0.026389 0.092593
0 0.813194 0.624074 0.023611 0.077778
0 0.870139 0.614815 0.018056 0.059259
0 0.143056 0.600000 0.027778 0.059259
0 0.172222 0.592593 0.033333 0.062963
0 0.715278 0.606481 0.036111 0.057407