0 0.057500 0.636667 0.115000 0.400000
0 0.172500 0.639167 0.147500 0.481667
0 0.323125 0.679167 0.106250 0.351667
0 0.376250 0.647500 0.105000 0.345000
0 0.410625 0.688333 0.183750 0.596667
0 0.522500 0.657500 0.152500 0.495000
0 0.616875 0.675000 0.123750 0.406667
0 0.695000 0.635833 0.077500 0.255000
0 0.656250 0.611667 0.052500 0.173333
0 0.766875 0.664167 0.123750 0.401667
0 0.841875 0.648333 0.106250 0.350000
0 0.902500 0.640000 0.092500 0.303333
0 0.964375 0.635000 0.071250 0.253333
0 0.466250 0.532500 0.030000 0.088333