0 0.076642 0.752914 0.068613 0.265734
0 0.110219 0.770396 0.068613 0.272727
0 0.179562 0.762238 0.064234 0.251748
0 0.277372 0.755245 0.084672 0.331002
0 0.364964 0.751748 0.081752 0.319347
0 0.432847 0.730769 0.083212 0.324009
0 0.463504 0.735431 0.077372 0.310023
0 0.519708 0.727273 0.070073 0.275058
0 0.535036 0.729604 0.068613 0.270396
0 0.612409 0.731935 0.080292 0.312354
0 0.698540 0.733100 0.077372 0.310023
0 0.725547 0.722611 0.072993 0.289044
0 0.827737 0.727273 0.087591 0.340326
0 0.866423 0.717949 0.080292 0.312354
0 0.914599 0.723776 0.086131 0.333333
0 0.956934 0.723776 0.086131 0.347319