0 0.411133 0.852792 0.035156 0.152284
0 0.028320 0.862098 0.041016 0.177665
0 0.102051 0.809645 0.012695 0.059222
0 0.087891 0.806261 0.011719 0.049069
0 0.081055 0.806261 0.015625 0.065990
0 0.068848 0.804569 0.014648 0.062606
0 0.056641 0.806261 0.011719 0.049069
0 0.150391 0.803723 0.011719 0.050761
0 0.243164 0.851946 0.037109 0.157360
0 0.263672 0.851946 0.035156 0.147208
0 0.424805 0.847716 0.033203 0.145516
0 0.544922 0.815567 0.017578 0.074450
0 0.519531 0.813029 0.017578 0.076142
0 0.871094 0.886633 0.041016 0.172589
0 0.903809 0.884095 0.036133 0.157360
0 0.935059 0.876481 0.040039 0.169205
0 0.959961 0.873942 0.046875 0.201354