0 0.070000 0.594880 0.036000 0.129518
0 0.276000 0.603916 0.036000 0.129518
0 0.317000 0.602410 0.030000 0.120482
0 0.267000 0.593373 0.034000 0.126506
0 0.793000 0.647590 0.094000 0.343373
0 0.729000 0.631024 0.078000 0.292169
0 0.672000 0.644578 0.076000 0.277108
0 0.606000 0.650602 0.076000 0.283133
0 0.561000 0.640060 0.070000 0.262048
0 0.527000 0.634036 0.070000 0.256024
0 0.461000 0.618976 0.058000 0.219880
0 0.771000 0.617470 0.062000 0.234940
0 0.502000 0.629518 0.060000 0.228916
0 0.745000 0.611446 0.066000 0.240964
0 0.641000 0.617470 0.066000 0.253012
0 0.686000 0.612952 0.068000 0.256024
0 0.435000 0.611446 0.058000 0.210843
0 0.412000 0.611446 0.056000 0.204819
0 0.392000 0.606928 0.052000 0.201807
0 0.373000 0.608434 0.050000 0.192771