0 0.067000 0.460000 0.062000 0.222857
0 0.097000 0.494286 0.086000 0.308571
0 0.188000 0.445714 0.040000 0.142857
0 0.211000 0.428571 0.042000 0.148571
0 0.263000 0.457143 0.058000 0.205714
0 0.298000 0.477143 0.076000 0.268571
0 0.363000 0.502857 0.094000 0.325714
0 0.227000 0.382857 0.022000 0.085714
0 0.145000 0.388571 0.022000 0.074286
0 0.132000 0.395714 0.016000 0.065714
0 0.426000 0.445714 0.048000 0.177143
0 0.458000 0.467143 0.064000 0.225714
0 0.513000 0.482857 0.078000 0.274286
0 0.599000 0.508571 0.098000 0.342857
0 0.746000 0.484286 0.080000 0.282857
0 0.658000 0.442857 0.048000 0.171429
0 0.851000 0.475714 0.062000 0.220000
0 0.906000 0.504286 0.104000 0.362857
0 0.967000 0.490000 0.066000 0.271429
0 0.161000 0.424286 0.030000 0.077143