0 0.950628 0.704969 0.048474 0.211180
0 0.761221 0.709627 0.046679 0.208075
0 0.682226 0.708075 0.046679 0.204969
0 0.581688 0.692547 0.050269 0.211180
0 0.503591 0.697205 0.052065 0.226708
0 0.406643 0.684783 0.044883 0.195652
0 0.401257 0.723602 0.044883 0.192547
0 0.225314 0.704969 0.048474 0.204969
0 0.132855 0.706522 0.046679 0.195652
0 0.040395 0.715839 0.048474 0.201863
0 0.073609 0.757764 0.053860 0.130435
0 0.378815 0.771739 0.057451 0.139752
0 0.458707 0.779503 0.070018 0.118012
0 0.482047 0.673913 0.037702 0.118012
0 0.533214 0.664596 0.046679 0.105590
0 0.557451 0.791925 0.066427 0.167702
0 0.625673 0.782609 0.044883 0.149068
0 0.862657 0.754658 0.062837 0.142857
0 0.631059 0.644410 0.044883 0.090062