0 0.112245 0.672308 0.061224 0.236923
0 0.167347 0.729231 0.097959 0.363077
0 0.259184 0.678462 0.089796 0.335385
0 0.383673 0.681538 0.073469 0.280000
0 0.484694 0.730769 0.136735 0.513846
0 0.558163 0.630769 0.055102 0.209231
0 0.510204 0.644615 0.065306 0.243077
0 0.577551 0.613846 0.044898 0.175385
0 0.607143 0.576923 0.030612 0.120000
0 0.625510 0.583077 0.030612 0.120000
0 0.656122 0.563077 0.026531 0.104615
0 0.695918 0.578462 0.036735 0.141538
0 0.733673 0.598462 0.046939 0.181538
0 0.788776 0.595385 0.055102 0.200000
0 0.839796 0.596923 0.051020 0.184615
0 0.189796 0.393846 0.016327 0.067692
0 0.895918 0.593846 0.057143 0.209231
0 0.966327 0.572308 0.046939 0.178462
0 0.982653 0.569231 0.034694 0.153846
0 0.919388 0.572308 0.038776 0.153846
0 0.858163 0.575385 0.038776 0.153846
0 0.870408 0.573846 0.038776 0.144615
0 0.809184 0.578462 0.034694 0.135385
0 0.683673 0.575385 0.024490 0.098462
0 0.936735 0.567692 0.036735 0.132308
0 0.772449 0.576923 0.034694 0.132308
0 0.818367 0.581538 0.036735 0.141538
0 0.507143 0.426154 0.014286 0.058462
0 0.010204 0.373846 0.020408 0.083077
0 0.033673 0.369231 0.022449 0.080000
0 0.067347 0.373846 0.024490 0.033846
0 0.090816 0.378462 0.022449 0.030769
0 0.134694 0.380000 0.020408 0.027692
0 0.064286 0.407692 0.022449 0.040000
0 0.089796 0.409231 0.024490 0.036923
0 0.127551 0.412308 0.026531 0.036923
0 0.152041 0.413846 0.022449 0.040000
0 0.174490 0.413846 0.014286 0.033846
0 0.203061 0.413846 0.014286 0.027692
0 0.206122 0.392308 0.016327 0.021538
0 0.224490 0.420000 0.020408 0.027692
0 0.230612 0.392308 0.016327 0.027692
0 0.246939 0.395385 0.012245 0.027692
0 0.244898 0.423077 0.016327 0.033846
0 0.262245 0.395385 0.018367 0.021538
0 0.267347 0.424615 0.020408 0.024615
0 0.290816 0.420000 0.026531 0.027692
0 0.314286 0.400000 0.020408 0.024615
0 0.326531 0.427692 0.024490 0.024615
0 0.348980 0.430769 0.016327 0.030769
0 0.366327 0.430769 0.018367 0.030769
0 0.347959 0.395385 0.022449 0.040000
0 0.330612 0.406154 0.012245 0.018462
0 0.383673 0.433846 0.016327 0.030769
0 0.401020 0.435385 0.018367 0.040000
0 0.418367 0.433846 0.016327 0.036923
0 0.408163 0.400000 0.028571 0.036923
0 0.377551 0.396923 0.024490 0.043077
0 0.526531 0.416923 0.020408 0.046154
0 0.293878 0.396923 0.020408 0.018462