0 0.075521 0.645016 0.119179 0.388889
0 0.157016 0.599060 0.090380 0.294526
0 0.188572 0.561070 0.076900 0.250408
0 0.356618 0.682190 0.170956 0.556373
0 0.404871 0.622753 0.116115 0.378676
0 0.562040 0.539011 0.081189 0.265114
0 0.606618 0.574346 0.090074 0.294118
0 0.710631 0.605392 0.111826 0.364379
0 0.802083 0.671977 0.152574 0.496732
0 0.768842 0.528799 0.073223 0.238154
0 0.869179 0.568423 0.087623 0.285539
0 0.950521 0.585376 0.098958 0.350490
0 0.914522 0.490605 0.043505 0.142157
0 0.888174 0.447508 0.015319 0.070670
0 0.895527 0.443832 0.014706 0.048611