0 0.131884 0.678295 0.057971 0.250646
0 0.184058 0.728682 0.057971 0.253230
0 0.154348 0.631783 0.050725 0.224806
0 0.215942 0.581395 0.052174 0.227390
0 0.265942 0.755814 0.065217 0.281654
0 0.336232 0.662791 0.055072 0.245478
0 0.421739 0.780362 0.066667 0.294574
0 0.565217 0.771318 0.066667 0.297158
0 0.531884 0.688630 0.055072 0.245478
0 0.510870 0.582687 0.047826 0.214470
0 0.463043 0.551680 0.042029 0.188630
0 0.395652 0.669251 0.046377 0.201550
0 0.419565 0.586563 0.047826 0.206718
0 0.373188 0.536176 0.042029 0.188630
0 0.287681 0.563307 0.044928 0.196382
0 0.543478 0.543928 0.040580 0.183463
0 0.612319 0.651163 0.053623 0.242894
0 0.685507 0.737726 0.060870 0.266150
0 0.733333 0.691214 0.060870 0.266150
0 0.671739 0.586563 0.050725 0.227390
0 0.626812 0.562016 0.044928 0.193798
0 0.713768 0.630491 0.047826 0.217054
0 0.842029 0.387597 0.034783 0.155039