0 0.102000 0.602667 0.060000 0.197333
0 0.324000 0.660000 0.088000 0.285333
0 0.242000 0.573333 0.032000 0.106667
0 0.207000 0.573333 0.034000 0.112000
0 0.817000 0.633333 0.050000 0.162667
0 0.753000 0.629333 0.046000 0.154667
0 0.708000 0.626667 0.048000 0.160000
0 0.679000 0.622667 0.046000 0.157333
0 0.634000 0.618667 0.048000 0.160000
0 0.605000 0.613333 0.046000 0.154667
0 0.559000 0.612000 0.050000 0.162667
0 0.528000 0.614667 0.044000 0.146667
0 0.500000 0.606667 0.044000 0.152000
0 0.026000 0.474667 0.040000 0.112000
0 0.044000 0.466667 0.024000 0.085333
0 0.070000 0.478667 0.032000 0.082667
0 0.092000 0.458667 0.032000 0.037333