0 0.470536 0.796000 0.069643 0.253333
0 0.374107 0.800000 0.066071 0.250667
0 0.615179 0.760000 0.098214 0.362667
0 0.945536 0.782667 0.108929 0.397333
0 0.020536 0.824000 0.041071 0.208000
0 0.112500 0.818667 0.053571 0.202667
0 0.093750 0.817333 0.055357 0.200000
0 0.082143 0.816000 0.053571 0.202667
0 0.148214 0.813333 0.050000 0.186667
0 0.169643 0.813333 0.050000 0.186667
0 0.186607 0.817333 0.051786 0.194667
0 0.201786 0.818667 0.050000 0.192000
0 0.226786 0.817333 0.053571 0.200000
0 0.274107 0.808000 0.051786 0.192000
0 0.294643 0.817333 0.053571 0.200000
0 0.315179 0.814667 0.055357 0.205333
0 0.417857 0.816000 0.050000 0.192000
0 0.524107 0.814667 0.048214 0.184000
0 0.570536 0.812000 0.048214 0.184000
0 0.549107 0.809333 0.048214 0.178667
0 0.253571 0.812000 0.050000 0.189333
0 0.347321 0.808000 0.048214 0.181333
0 0.657143 0.805333 0.046429 0.170667
0 0.700893 0.802667 0.051786 0.186667
0 0.764286 0.790667 0.039286 0.146667
0 0.741071 0.798667 0.039286 0.141333
0 0.984821 0.780000 0.030357 0.194667
0 0.914286 0.761333 0.035714 0.136000
0 0.883929 0.772000 0.035714 0.136000
0 0.840179 0.778667 0.037500 0.138667
0 0.812500 0.781333 0.042857 0.165333
0 0.675893 0.796000 0.037500 0.146667
0 0.044643 0.817333 0.046429 0.173333
0 0.058036 0.820000 0.048214 0.184000
0 0.070536 0.817333 0.051786 0.189333