0 0.160667 0.248188 0.028000 0.094203
0 0.210000 0.211957 0.054667 0.184783
0 0.257333 0.139493 0.040000 0.137681
0 0.385333 0.213768 0.053333 0.181159
0 0.436000 0.195652 0.056000 0.192029
0 0.492000 0.211051 0.048000 0.157609
0 0.681333 0.345109 0.050667 0.168478
0 0.716000 0.354167 0.048000 0.164855
0 0.780667 0.356884 0.038667 0.134058
0 0.820667 0.324275 0.062667 0.206522
0 0.920000 0.368659 0.034667 0.121377
0 0.964667 0.334239 0.060000 0.197464
0 0.910000 0.315217 0.065333 0.221014
0 0.763333 0.311594 0.068000 0.228261
0 0.790000 0.224638 0.041333 0.072464
0 0.752000 0.371377 0.048000 0.119565
0 0.752000 0.385870 0.032000 0.057971
0 0.829333 0.220109 0.045333 0.074275
0 0.351333 0.153080 0.041333 0.096014