0 0.050625 0.367290 0.101250 0.499065
0 0.095000 0.322430 0.102500 0.375701
0 0.504375 0.576636 0.208750 0.764486
0 0.630625 0.343925 0.108750 0.400000
0 0.738750 0.389720 0.117500 0.435514
0 0.814375 0.302804 0.078750 0.287850
0 0.925625 0.455140 0.148750 0.543925
0 0.338750 0.193458 0.057500 0.095327
0 0.401875 0.219626 0.083750 0.110280
0 0.408750 0.154206 0.045000 0.099065
0 0.507500 0.192523 0.072500 0.093458
0 0.585625 0.160748 0.046250 0.067290
0 0.780000 0.174766 0.027500 0.054206
0 0.799375 0.173832 0.018750 0.056075
0 0.858750 0.193458 0.040000 0.121495