0 0.422852 0.206571 0.011719 0.039688
0 0.035889 0.566038 0.042480 0.140534
0 0.081299 0.565712 0.042480 0.139883
0 0.121338 0.566038 0.036621 0.119714
0 0.160645 0.563761 0.035156 0.116461
0 0.194336 0.558230 0.032227 0.106701
0 0.181641 0.554001 0.022461 0.073520
0 0.326172 0.583279 0.035156 0.116461
0 0.315186 0.577424 0.032715 0.108653
0 0.331787 0.578725 0.030762 0.102147
0 0.382324 0.578399 0.031250 0.102798
0 0.422607 0.573195 0.027832 0.092388
0 0.577637 0.584580 0.033203 0.107352
0 0.598877 0.578725 0.031738 0.104750
0 0.674316 0.578725 0.034180 0.111256
0 0.691895 0.580351 0.036133 0.119714
0 0.845947 0.570267 0.039551 0.129473
0 0.854248 0.572869 0.040527 0.132075
0 0.866943 0.574170 0.045410 0.148992
0 0.877686 0.583930 0.047363 0.155498
0 0.899414 0.588809 0.049805 0.163956
0 0.915283 0.592062 0.055176 0.179571
0 0.941406 0.604424 0.061523 0.201692
0 0.968018 0.616461 0.063965 0.232271
0 0.978027 0.628172 0.043945 0.262199