0 0.295723 0.785340 0.081121 0.350785
0 0.328171 0.767016 0.081121 0.361257
0 0.565634 0.420157 0.072271 0.316754
0 0.637906 0.418848 0.072271 0.314136
0 0.707227 0.261780 0.060472 0.261780
0 0.838496 0.282723 0.036873 0.167539
0 0.908555 0.378272 0.088496 0.390052
0 0.945428 0.336387 0.109145 0.479058
0 0.441003 0.735602 0.026549 0.115183
0 0.584808 0.784031 0.022124 0.096859
0 0.537611 0.742147 0.028024 0.065445
0 0.618732 0.751309 0.028024 0.078534
0 0.718289 0.743455 0.029499 0.073298
0 0.750000 0.778796 0.030973 0.154450
0 0.681416 0.744764 0.038348 0.075916