0 0.304167 0.603448 0.141667 0.523511
0 0.335417 0.498433 0.100000 0.376176
0 0.393750 0.658307 0.137500 0.514107
0 0.425000 0.594044 0.120833 0.442006
0 0.527083 0.717868 0.145833 0.545455
0 0.670833 0.661442 0.145833 0.532915
0 0.617708 0.598746 0.127083 0.476489
0 0.736458 0.572100 0.122917 0.460815
0 0.495833 0.481191 0.104167 0.385580
0 0.597917 0.253918 0.025000 0.094044
0 0.514583 0.595611 0.120833 0.451411
0 0.616667 0.451411 0.091667 0.338558
0 0.925000 0.311912 0.045833 0.166144
0 0.950000 0.302508 0.037500 0.134796
0 0.970833 0.308777 0.025000 0.090909
0 0.821875 0.264890 0.027083 0.097179
0 0.532292 0.274295 0.031250 0.078370
0 0.557292 0.266458 0.031250 0.081505
0 0.388542 0.409091 0.052083 0.122257
0 0.668750 0.338558 0.066667 0.156740