0 0.009062 0.444583 0.018125 0.087500
0 0.021562 0.452083 0.030625 0.102500
0 0.039062 0.448333 0.034375 0.111667
0 0.050625 0.446667 0.028750 0.095000
0 0.074375 0.483750 0.065000 0.212500
0 0.103438 0.446667 0.031875 0.105000
0 0.082187 0.446250 0.033125 0.109167
0 0.143125 0.497500 0.073750 0.240000
0 0.185938 0.445833 0.029375 0.098333
0 0.207187 0.442917 0.033125 0.109167
0 0.242812 0.425417 0.024375 0.079167
0 0.173437 0.424167 0.018125 0.061667
0 0.163125 0.445417 0.031250 0.104167
0 0.259688 0.464167 0.049375 0.163333
0 0.267813 0.485000 0.060625 0.198333
0 0.289375 0.438750 0.027500 0.092500
0 0.305312 0.437500 0.026875 0.090000
0 0.321562 0.441250 0.026875 0.087500
0 0.337500 0.438750 0.027500 0.092500
0 0.376875 0.490000 0.066250 0.218333
0 0.389375 0.442917 0.030000 0.097500
0 0.410938 0.442083 0.029375 0.097500
0 0.433125 0.472500 0.053750 0.176667
0 0.452500 0.441250 0.032500 0.105833
0 0.473125 0.445417 0.033750 0.110833
0 0.495625 0.447500 0.032500 0.105000
0 0.544063 0.476250 0.061875 0.202500
0 0.578125 0.448333 0.035000 0.115000
0 0.591562 0.465000 0.051875 0.168333
0 0.611563 0.452083 0.035625 0.115833
0 0.648438 0.451250 0.036875 0.120833
0 0.676562 0.455417 0.038125 0.124167
0 0.660312 0.412083 0.019375 0.062500
0 0.730313 0.487083 0.085625 0.279167
0 0.705625 0.463750 0.053750 0.177500
0 0.754375 0.452500 0.050000 0.165000
0 0.791875 0.450833 0.046250 0.150000
0 0.837187 0.456250 0.044375 0.144167
0 0.887500 0.460833 0.045000 0.146667
0 0.957500 0.460833 0.048750 0.158333
0 0.983437 0.402083 0.014375 0.047500
0 0.949063 0.404167 0.013125 0.045000
0 0.909687 0.403333 0.015625 0.053333
0 0.870313 0.405000 0.015625 0.053333
0 0.825625 0.402083 0.013750 0.045833