0 0.323105 0.495890 0.108303 0.400000
0 0.363718 0.508219 0.120939 0.452055
0 0.453971 0.498630 0.135379 0.504110
0 0.510830 0.398630 0.072202 0.271233
0 0.559567 0.498630 0.126354 0.465753
0 0.658845 0.494521 0.119134 0.446575
0 0.707581 0.513699 0.129964 0.479452
0 0.308664 0.576712 0.111913 0.413699
0 0.827617 0.405479 0.077617 0.284932
0 0.025271 0.412329 0.036101 0.139726
0 0.012635 0.410959 0.025271 0.142466
0 0.060469 0.461644 0.048736 0.178082
0 0.839350 0.632877 0.202166 0.378082
0 0.542419 0.612329 0.283394 0.380822
0 0.215704 0.608219 0.077617 0.383562
0 0.151625 0.595890 0.050542 0.391781