0 0.073333 0.632500 0.143333 0.525000
0 0.240833 0.526250 0.115000 0.427500
0 0.177500 0.411250 0.098333 0.367500
0 0.422500 0.587500 0.131667 0.485000
0 0.350000 0.440000 0.106667 0.395000
0 0.307500 0.356250 0.095000 0.347500
0 0.274167 0.285000 0.078333 0.290000
0 0.520000 0.500000 0.110000 0.400000
0 0.455833 0.385000 0.091667 0.345000
0 0.722500 0.543750 0.121667 0.447500
0 0.624167 0.430000 0.098333 0.360000
0 0.810000 0.461250 0.110000 0.402500
0 0.670833 0.371250 0.088333 0.332500
0 0.587500 0.317500 0.078333 0.290000
0 0.835833 0.401250 0.095000 0.352500
0 0.869167 0.355000 0.088333 0.330000
0 0.912500 0.325000 0.078333 0.290000
0 0.984167 0.178750 0.031667 0.177500
0 0.753333 0.275000 0.063333 0.230000
0 0.781667 0.232500 0.056667 0.205000
0 0.103333 0.146250 0.033333 0.122500
0 0.054167 0.302500 0.051667 0.085000
0 0.064167 0.232500 0.045000 0.055000
0 0.074167 0.180000 0.031667 0.045000
0 0.195833 0.201250 0.051667 0.072500
0 0.390000 0.185000 0.046667 0.075000
0 0.449167 0.177500 0.035000 0.050000
0 0.522500 0.211250 0.051667 0.062500
0 0.632500 0.162500 0.035000 0.050000
0 0.722500 0.202500 0.061667 0.065000
0 0.915833 0.160000 0.038333 0.035000
0 0.960000 0.206250 0.036667 0.072500
0 0.919167 0.110000 0.041667 0.055000
0 0.879167 0.116250 0.031667 0.052500
0 0.833333 0.132500 0.056667 0.065000
0 0.074167 0.106250 0.025000 0.057500
0 0.373333 0.098750 0.023333 0.047500
0 0.394167 0.095000 0.025000 0.045000