0 0.058824 0.757174 0.032353 0.119205
0 0.100735 0.761589 0.030882 0.119205
0 0.163971 0.741722 0.027941 0.105960
0 0.219853 0.728477 0.025000 0.092715
0 0.277941 0.718543 0.026471 0.099338
0 0.364706 0.701987 0.020588 0.083885
0 0.419118 0.682119 0.020588 0.083885
0 0.470588 0.656733 0.026471 0.099338
0 0.509559 0.657837 0.019118 0.075055
0 0.539706 0.635762 0.023529 0.092715
0 0.571324 0.634658 0.022059 0.086093
0 0.606618 0.624724 0.019118 0.075055
0 0.630147 0.611479 0.022059 0.083885
0 0.670588 0.598234 0.017647 0.066225
0 0.697794 0.580574 0.022059 0.079470
0 0.730882 0.588300 0.017647 0.072848
0 0.721324 0.568433 0.019118 0.072848
0 0.743382 0.559603 0.019118 0.068433
0 0.761029 0.552980 0.019118 0.068433
0 0.783088 0.538631 0.013235 0.052980
0 0.797794 0.528698 0.016176 0.059603
0 0.811029 0.525386 0.013235 0.052980
0 0.826471 0.505519 0.011765 0.048565
0 0.836029 0.487859 0.013235 0.048565
0 0.899265 0.440397 0.013235 0.055188
0 0.882353 0.453642 0.011765 0.050773
0 0.860294 0.448124 0.014706 0.052980