0 0.719118 0.656863 0.152941 0.501961
0 0.406618 0.653922 0.145588 0.480392
0 0.185294 0.662745 0.150000 0.486275
0 0.084559 0.607843 0.116176 0.380392
0 0.298529 0.604902 0.120588 0.394118
0 0.469853 0.628431 0.125000 0.413725
0 0.493382 0.610784 0.125000 0.409804
0 0.519853 0.557843 0.104412 0.339216
0 0.588971 0.568627 0.092647 0.301961
0 0.680147 0.553922 0.130882 0.425490
0 0.101471 0.557843 0.082353 0.272549
0 0.097794 0.531373 0.098529 0.325490
0 0.555882 0.483333 0.050000 0.162745
0 0.628676 0.486275 0.054412 0.184314
0 0.341912 0.484314 0.042647 0.141176
0 0.330147 0.469608 0.042647 0.143137
0 0.025000 0.493137 0.041176 0.135294
0 0.721324 0.373529 0.066176 0.107843
0 0.747059 0.346078 0.038235 0.056863
0 0.777206 0.356863 0.045588 0.066667