0 0.013672 0.479681 0.027344 0.195936
0 0.104980 0.441945 0.020508 0.079826
0 0.114258 0.417271 0.015625 0.056604
0 0.146973 0.500726 0.061523 0.223512
0 0.190430 0.507257 0.054688 0.198839
0 0.221191 0.529028 0.069336 0.251089
0 0.262207 0.607402 0.059570 0.216255
0 0.337891 0.579826 0.072266 0.265602
0 0.369629 0.575472 0.063477 0.233672
0 0.284180 0.444122 0.019531 0.069666
0 0.947754 0.761248 0.104492 0.460087
0 0.866699 0.560232 0.038086 0.142235
0 0.819824 0.751814 0.129883 0.476052
0 0.670898 0.846154 0.080078 0.293179
0 0.723145 0.619739 0.045898 0.168360
0 0.689453 0.606676 0.041016 0.153846
0 0.545898 0.600871 0.037109 0.136430
0 0.544922 0.836720 0.083984 0.306241
0 0.616211 0.542090 0.042969 0.155298
0 0.517090 0.542090 0.059570 0.216255
0 0.463379 0.694485 0.110352 0.402032
0 0.450195 0.663280 0.117188 0.423803
0 0.394531 0.559507 0.076172 0.277213
0 0.417480 0.637155 0.096680 0.354136
0 0.173828 0.420900 0.011719 0.043541
0 0.351562 0.437591 0.017578 0.021771
0 0.643066 0.492743 0.020508 0.056604