0 0.290833 0.416914 0.008333 0.038576
0 0.180000 0.706231 0.026667 0.118694
0 0.175000 0.867953 0.020000 0.097923
0 0.095833 0.721068 0.031667 0.136499
0 0.072500 0.701780 0.028333 0.127596
0 0.122500 0.681009 0.028333 0.127596
0 0.020833 0.608309 0.015000 0.071217
0 0.038333 0.626113 0.016667 0.083086
0 0.030833 0.578635 0.008333 0.035608
0 0.061667 0.605341 0.016667 0.077151
0 0.078333 0.620178 0.016667 0.077151
0 0.098333 0.600890 0.013333 0.068249
0 0.150833 0.596439 0.018333 0.077151
0 0.172500 0.605341 0.015000 0.065282
0 0.191667 0.593472 0.016667 0.071217
0 0.203333 0.580119 0.013333 0.062315
0 0.217500 0.605341 0.018333 0.083086
0 0.230000 0.589021 0.016667 0.074184
0 0.245000 0.572700 0.016667 0.071217
0 0.255833 0.560831 0.015000 0.071217
0 0.279167 0.602374 0.015000 0.071217
0 0.287500 0.583086 0.015000 0.074184
0 0.292500 0.575668 0.015000 0.071217
0 0.327500 0.597923 0.018333 0.080119
0 0.335833 0.578635 0.015000 0.071217
0 0.350833 0.553412 0.015000 0.068249
0 0.370833 0.596439 0.018333 0.083086
0 0.381667 0.574184 0.013333 0.068249
0 0.413333 0.645401 0.023333 0.109792
0 0.421667 0.586053 0.013333 0.062315
0 0.371667 0.442136 0.006667 0.035608
0 0.303333 0.557864 0.013333 0.059347
0 0.191667 0.532641 0.006667 0.038576
0 0.161667 0.531157 0.010000 0.041543
0 0.136667 0.593472 0.023333 0.106825
0 0.390000 0.548961 0.013333 0.065282
0 0.055833 0.550445 0.005000 0.032641
0 0.066667 0.543027 0.010000 0.041543
0 0.005000 0.574184 0.010000 0.062315
0 0.008333 0.569733 0.016667 0.071217
0 0.109167 0.557864 0.011667 0.059347
0 0.121667 0.535608 0.010000 0.044510
0 0.136667 0.516320 0.006667 0.029674
0 0.150000 0.508902 0.006667 0.038576
0 0.270833 0.540059 0.015000 0.065282
0 0.324167 0.519288 0.011667 0.059347
0 0.311667 0.538576 0.016667 0.074184
0 0.333333 0.504451 0.010000 0.047478
0 0.340000 0.497033 0.010000 0.050445
0 0.396667 0.526706 0.013333 0.056380
0 0.354167 0.399110 0.005000 0.032641
0 0.668333 0.759644 0.046667 0.201780
0 0.610833 0.608309 0.021667 0.100890
0 0.570000 0.583086 0.013333 0.068249
0 0.536667 0.587537 0.016667 0.071217
0 0.500000 0.586053 0.013333 0.068249
0 0.464167 0.589021 0.015000 0.074184
0 0.608333 0.540059 0.006667 0.035608
0 0.638333 0.560831 0.020000 0.094955
0 0.669167 0.571217 0.018333 0.080119
0 0.660000 0.557864 0.016667 0.071217
0 0.650000 0.548961 0.016667 0.071217
0 0.711667 0.571217 0.020000 0.086053
0 0.756667 0.572700 0.016667 0.077151
0 0.742500 0.556380 0.018333 0.080119
0 0.726667 0.537092 0.016667 0.071217
0 0.787500 0.565282 0.018333 0.080119
0 0.775000 0.550445 0.016667 0.074184
0 0.760000 0.534125 0.016667 0.071217
0 0.814167 0.541543 0.015000 0.074184
0 0.804167 0.535608 0.015000 0.062315
0 0.822500 0.494065 0.015000 0.062315
0 0.809167 0.477745 0.008333 0.041543
0 0.793333 0.471810 0.010000 0.047478
0 0.772500 0.455490 0.008333 0.038576
0 0.758333 0.448071 0.006667 0.029674
0 0.530833 0.543027 0.005000 0.029674
0 0.986667 0.550445 0.016667 0.080119
0 0.918333 0.563798 0.016667 0.071217
0 0.840833 0.563798 0.018333 0.077151
0 0.836667 0.464392 0.013333 0.056380
0 0.852500 0.465875 0.008333 0.047478
0 0.848333 0.513353 0.016667 0.071217
0 0.867500 0.525223 0.015000 0.071217
0 0.889167 0.541543 0.015000 0.068249
0 0.883333 0.486647 0.013333 0.059347
0 0.909167 0.504451 0.015000 0.065282
0 0.930833 0.520772 0.015000 0.074184
0 0.984167 0.465875 0.008333 0.047478
0 0.970000 0.455490 0.006667 0.038576
0 0.953333 0.455490 0.013333 0.056380
0 0.944167 0.454006 0.011667 0.059347
0 0.935000 0.440653 0.006667 0.038576
0 0.885000 0.421365 0.006667 0.029674
0 0.870000 0.425816 0.010000 0.044510
0 0.855833 0.415430 0.005000 0.029674
0 0.686667 0.544510 0.016667 0.074184
0 0.698333 0.559347 0.016667 0.074184
0 0.560000 0.547478 0.013333 0.062315
0 0.056667 0.505935 0.010000 0.044510
0 0.068333 0.497033 0.006667 0.032641
0 0.347500 0.479228 0.011667 0.050445
0 0.354167 0.471810 0.008333 0.047478
0 0.202500 0.519288 0.008333 0.035608