0 0.112933 0.551724 0.054645 0.212644
0 0.272313 0.545977 0.049180 0.195402
0 0.308743 0.545977 0.045537 0.172414
0 0.369763 0.521552 0.040073 0.158046
0 0.426230 0.517241 0.029144 0.114943
0 0.507286 0.533046 0.030965 0.129310
0 0.621129 0.544540 0.040073 0.163793
0 0.724954 0.561782 0.036430 0.140805
0 0.796903 0.557471 0.045537 0.172414
0 0.863388 0.541667 0.036430 0.140805
0 0.891621 0.548851 0.012750 0.057471
0 0.979964 0.535920 0.007286 0.031609
0 0.961749 0.541667 0.007286 0.031609
0 0.651184 0.521552 0.005464 0.031609