0 0.543478 0.651416 0.153623 0.570806
0 0.186957 0.606754 0.127536 0.468410
0 0.026812 0.501089 0.053623 0.213508
0 0.071739 0.472767 0.044928 0.169935
0 0.208696 0.533769 0.086957 0.322440
0 0.332609 0.502179 0.059420 0.220044
0 0.401449 0.517429 0.078261 0.294118
0 0.443478 0.566449 0.098551 0.361656
0 0.592029 0.501089 0.065217 0.239651
0 0.655072 0.530501 0.084058 0.307190
0 0.715217 0.481481 0.056522 0.213508
0 0.775362 0.509804 0.072464 0.270153
0 0.838406 0.571895 0.111594 0.416122
0 0.948551 0.540305 0.088406 0.331155
0 0.044203 0.493464 0.015942 0.198257
0 0.776087 0.394336 0.027536 0.091503
0 0.900000 0.492375 0.014493 0.244009