0 0.048958 0.482812 0.081250 0.296875
0 0.086458 0.545312 0.114583 0.421875
0 0.160417 0.510938 0.075000 0.284375
0 0.360417 0.610938 0.141667 0.515625
0 0.313542 0.503125 0.089583 0.325000
0 0.273958 0.475000 0.060417 0.225000
0 0.476042 0.515625 0.081250 0.300000
0 0.582292 0.493750 0.068750 0.250000
0 0.645833 0.575000 0.116667 0.425000
0 0.756250 0.534375 0.087500 0.331250
0 0.793750 0.506250 0.070833 0.256250
0 0.813542 0.484375 0.056250 0.212500
0 0.520833 0.442188 0.037500 0.140625
0 0.407292 0.485938 0.056250 0.215625
0 0.960417 0.504687 0.037500 0.090625
0 0.923958 0.531250 0.035417 0.087500
0 0.879167 0.493750 0.037500 0.143750
0 0.904167 0.460938 0.025000 0.115625