0 0.025962 0.596821 0.051923 0.251445
0 0.070192 0.601156 0.067308 0.254335
0 0.136538 0.595376 0.076923 0.283237
0 0.200962 0.593931 0.075000 0.274566
0 0.305769 0.589595 0.073077 0.265896
0 0.440385 0.573699 0.076923 0.286127
0 0.516346 0.575145 0.078846 0.294798
0 0.753846 0.570809 0.076923 0.286127
0 0.895192 0.554913 0.086538 0.323699
0 0.557692 0.573699 0.023077 0.083815
0 0.575000 0.605491 0.011538 0.043353
0 0.634615 0.589595 0.015385 0.063584
0 0.652885 0.582370 0.025000 0.089595
0 0.676923 0.583815 0.023077 0.086705
0 0.693269 0.593931 0.017308 0.066474
0 0.712500 0.583815 0.021154 0.075145
0 0.086538 0.508671 0.026923 0.086705