0 0.367000 0.665165 0.154000 0.561562
0 0.062000 0.651652 0.124000 0.678679
0 0.135000 0.639640 0.126000 0.462462
0 0.184000 0.590090 0.108000 0.399399
0 0.262000 0.579580 0.108000 0.396396
0 0.478000 0.576577 0.124000 0.462462
0 0.717000 0.638138 0.178000 0.651652
0 0.635000 0.602102 0.170000 0.633634
0 0.923000 0.602102 0.154000 0.621622
0 0.860000 0.564565 0.148000 0.540541
0 0.580000 0.575075 0.128000 0.471471
0 0.539000 0.567568 0.098000 0.360360
0 0.075000 0.438438 0.054000 0.156156
0 0.605000 0.348348 0.046000 0.078078
0 0.799000 0.409910 0.062000 0.123123