0 0.232500 0.575653 0.063333 0.259972
0 0.293750 0.601100 0.084167 0.341128
0 0.311667 0.541265 0.046667 0.191197
0 0.381667 0.564649 0.061667 0.248968
0 0.415000 0.659560 0.105000 0.425034
0 0.430833 0.544017 0.051667 0.210454
0 0.481667 0.585970 0.063333 0.255846
0 0.531667 0.555708 0.051667 0.211829
0 0.578333 0.525447 0.036667 0.151307
0 0.638333 0.625172 0.080000 0.325997
0 0.726667 0.539890 0.040000 0.160935
0 0.757083 0.559147 0.052500 0.213205
0 0.795417 0.588033 0.070833 0.284732
0 0.848750 0.555021 0.045833 0.185695
0 0.895833 0.587345 0.058333 0.239340
0 0.942083 0.474553 0.025833 0.107290